1 1 0 0 0 0 1 0 1 0 1 0 0 1 0 
1 0 0 0 0 1 1 1 0 1 1 0 0 1 0 
0 0 0 0 1 1 0 0 1 1 1 0 0 1 0 
1 0 0 1 0 1 1 0 0 0 0 1 0 1 0 
0 0 0 1 1 1 0 1 1 0 0 1 0 1 0 
0 1 0 1 1 0 0 0 0 1 0 1 0 1 0 
1 1 0 1 0 0 1 1 1 1 0 1 0 1 0 
1 1 1 1 0 0 0 1 0 0 1 1 0 1 0 
0 1 1 1 1 0 1 0 1 0 1 1 0 1 0 
0 0 1 1 1 1 1 1 0 1 1 1 0 1 0 
1 0 1 1 0 1 0 0 1 1 1 1 0 1 0 
0 1 1 1 0 0 1 0 0 0 0 0 1 1 0 
1 1 1 1 1 0 0 1 1 0 0 0 1 1 0 
1 0 1 1 1 1 0 0 0 1 0 0 1 1 0 
0 0 1 1 0 1 1 1 1 1 0 0 1 1 0 
0 0 0 1 0 1 0 1 0 0 1 0 1 1 0 
1 0 0 1 1 1 1 0 1 0 1 0 1 1 0 
1 1 0 1 1 0 1 1 0 1 1 0 1 1 0 
0 1 0 1 0 0 0 0 1 1 1 0 1 1 0 
1 1 0 0 1 0 1 0 0 0 0 1 1 1 0 
0 1 0 0 0 0 0 1 1 0 0 1 1 1 0 
0 0 0 0 0 1 0 0 0 1 0 1 1 1 0 
1 0 0 0 1 1 1 1 1 1 0 1 1 1 0 
1 0 1 0 1 1 0 1 0 0 1 1 1 1 0 
0 0 1 0 0 1 1 0 1 0 1 1 1 1 0 
0 1 1 0 0 0 1 1 0 1 1 1 1 1 0 
1 1 1 0 1 0 0 0 1 1 1 1 1 1 0 
0 0 0 1 0 1 1 1 0 0 0 0 0 0 1 
1 0 0 1 1 1 0 0 1 0 0 0 0 0 1 
1 1 0 1 1 0 0 1 0 1 0 0 0 0 1 
0 1 0 1 0 0 1 0 1 1 0 0 0 0 1 
0 1 1 1 0 0 0 0 0 0 1 0 0 0 1 
1 1 1 1 1 0 1 1 1 0 1 0 0 0 1 
1 0 1 1 1 1 1 0 0 1 1 0 0 0 1 
0 0 1 1 0 1 0 1 1 1 1 0 0 0 1 
1 0 1 0 1 1 1 1 0 0 0 1 0 0 1 
0 0 1 0 0 1 0 0 1 0 0 1 0 0 1 
0 1 1 0 0 0 0 1 0 1 0 1 0 0 1 
1 1 1 0 1 0 1 0 1 1 0 1 0 0 1 
1 1 0 0 1 0 0 0 0 0 1 1 0 0 1 
0 1 0 0 0 0 1 1 1 0 1 1 0 0 1 
0 0 0 0 0 1 1 0 0 1 1 1 0 0 1 
1 0 0 0 1 1 0 1 1 1 1 1 0 0 1 
0 1 0 0 1 0 1 1 0 0 0 0 1 0 1 
1 1 0 0 0 0 0 0 1 0 0 0 1 0 1 
1 0 0 0 0 1 0 1 0 1 0 0 1 0 1 
0 0 0 0 1 1 1 0 1 1 0 0 1 0 1 
0 0 1 0 1 1 0 0 0 0 1 0 1 0 1 
1 0 1 0 0 1 1 1 1 0 1 0 1 0 1 
1 1 1 0 0 0 1 0 0 1 1 0 1 0 1 
0 1 1 0 1 0 0 1 1 1 1 0 1 0 1 
1 1 1 1 0 0 1 1 0 0 0 1 1 0 1 
0 1 1 1 1 0 0 0 1 0 0 1 1 0 1 
0 0 1 1 1 1 0 1 0 1 0 1 1 0 1 
1 0 1 1 0 1 1 0 1 1 0 1 1 0 1 
1 0 0 1 0 1 0 0 0 0 1 1 1 0 1 
0 0 0 1 1 1 1 1 1 0 1 1 1 0 1 
0 1 0 1 1 0 1 0 0 1 1 1 1 0 1 
1 1 0 1 0 0 0 1 1 1 1 1 1 0 1 
0 0 1 1 1 0 0 1 0 0 0 0 0 1 1 
1 0 1 1 0 0 1 0 1 0 0 0 0 1 1 
1 1 1 1 0 1 1 1 0 1 0 0 0 1 1 
0 1 1 1 1 1 0 0 1 1 0 0 0 1 1 
0 1 0 1 1 1 1 0 0 0 1 0 0 1 1 
1 1 0 1 0 1 0 1 1 0 1 0 0 1 1 
1 0 0 1 0 0 0 0 0 1 1 0 0 1 1 
0 0 0 1 1 0 1 1 1 1 1 0 0 1 1 
1 0 0 0 0 0 0 1 0 0 0 1 0 1 1 
0 0 0 0 1 0 1 0 1 0 0 1 0 1 1 
0 1 0 0 1 1 1 1 0 1 0 1 0 1 1 
1 1 0 0 0 1 0 0 1 1 0 1 0 1 1 
1 1 1 0 0 1 1 0 0 0 1 1 0 1 1 
0 1 1 0 1 1 0 1 1 0 1 1 0 1 1 
0 0 1 0 1 0 0 0 0 1 1 1 0 1 1 
1 0 1 0 0 0 1 1 1 1 1 1 0 1 1 
0 1 1 0 0 1 0 1 0 0 0 0 1 1 1 
1 1 1 0 1 1 1 0 1 0 0 0 1 1 1 
1 0 1 0 1 0 1 1 0 1 0 0 1 1 1 
0 0 1 0 0 0 0 0 1 1 0 0 1 1 1 
0 0 0 0 0 0 1 0 0 0 1 0 1 1 1 
1 0 0 0 1 0 0 1 1 0 1 0 1 1 1 
1 1 0 0 1 1 0 0 0 1 1 0 1 1 1 
0 1 0 0 0 1 1 1 1 1 1 0 1 1 1 
1 1 0 1 1 1 0 1 0 0 0 1 1 1 1 
0 1 0 1 0 1 1 0 1 0 0 1 1 1 1 
0 0 0 1 0 0 1 1 0 1 0 1 1 1 1 
1 0 0 1 1 0 0 0 1 1 0 1 1 1 1 
1 0 1 1 1 0 1 0 0 0 1 1 1 1 1 
0 0 1 1 0 0 0 1 1 0 1 1 1 1 1 
0 1 1 1 0 1 0 0 0 1 1 1 1 1 1 
1 1 1 1 1 1 1 1 1 1 1 1 1 1 1 


; Maximum HD = 59, Minimum HD = 43 
; Maximum row HD = 15, Minimum row HD = 5 
