1 0 0 1 1 0 0 0 0 0 1 1 1 1 0 0 0 0 1 0 1 0 1 1 1 0 0 0 0 1 1 0 1 1 0 0 0 1 0 0 1 1 1 0 0 1 1 1 0 0 0 0 0 0 1 1 0 1 0 1 1 0 0 
0 1 1 0 1 0 0 1 1 0 1 0 0 1 0 1 0 0 1 0 0 0 0 0 1 0 1 1 1 1 0 1 0 1 1 0 1 0 1 0 0 0 0 1 0 0 0 1 0 0 0 1 1 1 1 1 0 0 1 0 0 0 1 
1 1 0 0 1 0 1 1 1 1 1 0 1 1 0 1 1 1 1 0 0 0 1 0 1 1 1 0 1 0 0 0 0 0 0 0 1 0 0 1 1 0 1 1 1 0 0 0 1 0 0 0 0 0 0 1 0 1 0 0 0 0 0 
1 0 0 0 0 1 0 1 0 0 1 0 1 0 1 1 1 1 0 1 1 1 0 1 1 1 0 0 0 0 0 1 1 0 1 1 1 0 1 0 0 1 0 1 1 0 0 1 0 1 1 0 1 0 1 1 0 1 1 1 1 1 0 
1 0 0 0 0 1 0 1 0 1 1 1 0 0 0 0 1 1 0 1 1 0 0 0 1 0 0 1 1 1 0 0 1 1 1 0 0 0 0 0 0 1 1 0 1 0 1 1 0 0 1 0 0 1 1 0 0 0 0 0 1 1 1 
1 1 0 0 0 1 1 1 1 0 1 1 1 1 1 0 0 0 1 1 0 0 1 1 0 0 1 0 0 0 0 1 0 1 1 0 0 1 1 1 0 1 1 1 0 1 0 1 1 1 0 1 1 1 1 0 1 1 0 0 0 0 1 
0 0 1 0 1 1 1 1 1 1 1 0 1 1 0 0 1 0 0 0 1 1 1 0 1 1 1 1 1 1 0 1 0 1 1 1 1 1 0 0 1 1 0 1 0 0 0 0 0 1 0 0 1 0 0 0 0 1 1 1 0 1 0 
1 1 1 1 1 1 0 0 0 1 0 0 1 0 1 1 1 1 0 0 0 0 0 0 0 1 1 0 0 0 0 0 0 1 0 0 0 1 1 0 1 0 1 0 0 1 0 0 1 0 1 0 0 0 0 1 1 0 1 0 0 1 1 
0 0 1 0 1 0 0 1 1 1 1 0 1 0 0 0 1 1 1 0 0 1 0 0 1 0 1 1 0 1 1 1 0 1 1 0 0 1 1 0 1 0 1 0 1 1 1 1 1 1 0 0 0 0 0 1 0 0 0 0 1 1 0 
0 0 0 1 0 1 1 0 0 0 1 0 1 1 0 0 0 1 0 1 1 0 0 0 1 0 1 1 0 0 0 1 0 1 1 0 0 0 1 0 1 1 0 0 0 1 0 1 1 0 0 0 1 0 1 1 0 0 0 1 0 1 1 
0 0 0 1 0 1 0 1 0 1 1 1 0 1 0 1 0 1 1 0 1 0 0 0 1 1 0 0 1 0 0 1 0 0 1 1 0 1 0 1 1 1 0 0 1 0 0 0 0 0 0 0 0 0 1 0 1 1 0 1 1 0 0 
0 1 0 0 0 0 0 0 0 1 0 0 1 1 0 1 1 1 0 0 0 1 0 0 0 0 0 0 1 0 1 0 0 0 0 0 1 1 0 0 1 0 1 1 1 1 1 0 1 1 0 1 1 1 1 0 0 0 1 0 1 1 1 
0 1 1 1 1 1 1 1 1 0 0 0 1 0 0 1 0 1 1 1 1 0 0 0 0 0 0 0 1 1 0 0 0 0 0 0 1 0 0 0 1 1 0 1 0 1 0 0 1 0 0 1 0 1 0 0 0 0 1 1 0 1 0 
0 1 0 0 1 0 0 1 0 0 0 1 1 0 0 0 0 1 0 0 1 0 1 0 1 0 1 0 1 1 0 0 0 1 1 1 0 1 0 1 0 0 1 1 0 0 1 1 1 1 0 0 1 1 0 0 0 1 1 0 1 0 0 
0 0 1 0 1 1 1 0 1 0 0 0 0 0 0 0 1 0 0 1 1 0 1 1 1 0 0 0 1 0 0 0 0 0 0 1 0 1 0 0 0 0 0 1 1 0 0 1 0 1 1 1 1 1 0 1 1 0 1 1 1 1 0 
1 0 0 1 1 0 1 0 1 0 1 1 1 1 1 1 0 0 0 0 0 1 0 0 0 0 1 1 0 0 0 1 0 1 0 0 1 1 1 1 0 1 0 0 0 1 1 1 0 0 1 0 0 1 0 1 1 0 1 1 1 0 1 
1 0 1 1 1 0 0 0 0 1 1 0 1 1 0 0 0 1 0 0 1 1 1 0 0 1 1 1 0 0 0 0 0 0 1 1 0 1 0 1 1 0 0 1 0 0 1 1 0 0 0 0 0 1 1 1 1 0 0 0 0 1 0 
1 1 0 1 0 0 1 0 0 1 1 1 1 1 0 1 0 1 0 1 0 0 0 1 0 1 0 1 0 0 1 0 1 1 1 0 0 1 1 0 1 1 0 1 1 0 0 1 0 1 0 0 0 1 1 0 1 1 1 1 1 1 1 
0 1 1 0 0 1 0 0 0 1 1 1 0 1 1 1 1 1 1 0 1 0 1 1 1 1 1 0 0 1 1 0 1 0 0 0 0 0 1 0 0 1 0 0 0 0 1 1 1 0 1 0 0 0 1 0 1 1 1 1 1 1 1 
0 0 1 0 1 0 0 0 1 0 0 0 0 1 0 0 1 1 1 1 0 0 0 1 1 1 0 0 0 0 1 0 0 0 0 0 1 1 1 0 0 1 1 0 0 1 1 0 1 1 1 1 0 1 0 0 1 1 0 0 0 1 0 
0 1 0 1 1 1 1 1 1 0 0 0 0 0 1 0 0 0 0 1 1 0 0 0 1 0 1 0 0 1 1 1 1 0 1 0 0 0 1 1 1 0 0 1 0 0 1 0 1 1 0 1 1 1 0 1 1 0 0 1 1 0 1 
0 0 0 0 0 0 0 0 1 0 1 1 0 1 1 0 0 0 0 0 1 0 1 0 1 0 1 1 1 0 1 0 1 0 1 1 0 1 0 0 0 1 1 0 0 1 0 0 1 0 0 1 1 0 1 0 1 1 1 0 0 1 0 
0 0 1 0 0 0 0 1 1 0 0 0 1 0 1 0 0 1 1 1 1 0 1 0 0 0 1 1 1 0 0 1 0 0 1 0 1 1 0 1 1 1 0 1 1 0 0 1 1 0 1 0 1 0 1 1 1 1 1 1 0 0 0 
1 1 1 0 1 1 0 1 1 0 1 1 1 0 0 1 1 1 1 0 1 1 0 1 0 1 0 1 0 1 0 0 1 1 1 0 0 0 1 0 1 0 1 1 0 0 1 1 0 0 0 0 1 1 0 0 1 1 1 0 0 1 0 
0 1 0 0 1 0 1 0 1 1 1 1 0 1 1 1 0 1 1 1 0 0 0 0 0 1 1 0 1 1 1 0 1 0 0 1 0 1 1 0 0 1 0 1 1 0 1 0 1 1 0 1 1 1 1 1 0 1 0 0 0 0 1 
0 1 1 1 1 0 1 0 1 0 0 0 1 1 1 1 0 0 1 0 0 1 1 1 0 1 1 0 0 0 1 1 0 0 0 1 1 1 1 1 1 0 0 1 0 1 0 0 1 1 0 1 1 0 0 1 1 1 1 1 0 0 0 
1 0 1 0 0 1 1 0 1 0 0 1 0 1 0 0 1 0 0 0 0 0 1 0 1 1 1 1 0 1 0 1 1 0 1 0 1 0 0 0 0 1 0 0 0 1 0 0 0 1 1 1 1 1 0 0 1 0 0 0 1 0 1 
0 1 0 0 0 1 0 0 0 1 1 1 1 1 0 0 1 0 0 0 1 0 1 1 0 1 0 0 1 1 0 1 0 0 1 0 1 0 0 1 0 0 0 0 0 1 0 1 1 1 1 0 1 0 1 1 0 1 0 1 0 0 0 
1 0 1 0 0 0 1 1 1 0 0 1 0 0 1 0 1 1 0 1 1 1 0 1 1 0 0 1 1 0 1 0 1 0 1 1 1 1 1 1 0 0 0 0 0 1 0 0 0 0 1 1 0 0 0 1 0 1 0 0 1 1 1 
1 1 0 1 1 1 1 1 1 1 1 1 0 1 0 0 1 0 0 1 1 1 1 1 0 1 0 1 0 1 0 0 0 1 0 1 0 1 0 0 1 0 1 1 1 0 0 1 1 0 1 1 0 1 1 0 0 1 0 1 0 0 0 
1 1 1 0 0 1 0 0 0 1 0 1 1 0 1 0 0 1 1 0 1 0 0 1 0 1 0 0 1 0 0 0 0 0 1 0 1 1 1 1 0 1 0 1 1 0 1 0 1 0 0 0 0 1 0 0 0 1 0 0 0 1 1 
1 0 0 1 1 1 1 0 1 1 0 1 0 1 0 1 0 1 0 0 1 1 1 0 0 0 1 0 1 0 1 1 0 0 1 1 0 0 0 0 1 1 0 0 1 1 1 0 0 1 0 1 1 1 0 1 1 0 1 1 0 1 1 
1 1 0 1 0 0 0 0 1 1 1 1 1 1 1 0 0 1 1 1 1 1 1 0 1 1 1 0 0 1 0 1 0 1 1 0 1 1 0 1 0 1 1 1 1 0 0 1 0 1 1 0 0 0 0 0 0 0 0 1 1 1 0 
0 0 0 0 0 1 0 1 0 1 0 1 1 1 0 1 0 1 0 1 1 0 1 0 0 0 1 1 0 0 1 0 0 1 0 0 1 1 0 1 0 1 1 1 0 0 1 0 0 0 0 0 0 0 0 0 1 0 1 1 0 1 1 
1 0 0 0 1 0 1 0 0 1 1 1 1 0 1 0 0 0 1 1 1 0 0 1 0 0 1 0 1 1 0 1 1 1 0 1 1 0 0 1 1 0 1 0 1 0 1 1 1 1 1 1 0 0 0 0 0 1 0 0 0 0 1 
1 1 0 0 1 1 1 1 0 0 1 1 0 0 0 1 1 0 1 0 0 0 1 0 0 1 0 0 1 0 0 0 1 1 0 0 0 0 1 0 0 1 0 1 0 1 0 1 0 1 1 0 0 0 1 1 1 0 1 0 1 0 0 
0 0 0 1 1 0 1 0 0 1 1 1 1 1 1 1 1 0 0 0 1 0 0 1 0 1 1 1 1 0 0 0 0 0 0 0 1 1 0 0 0 0 0 0 1 0 0 0 1 1 0 1 0 1 0 0 1 0 0 1 0 1 0 
1 0 0 0 1 0 0 1 0 1 1 1 1 0 0 0 0 0 0 0 1 1 0 0 0 0 0 0 1 0 0 0 1 1 0 1 0 1 0 0 1 0 0 1 0 1 0 0 0 0 1 1 0 1 0 0 1 1 1 1 1 1 1 
0 1 1 1 0 1 1 1 0 1 0 1 1 1 0 1 1 1 1 0 1 1 0 0 0 0 1 1 1 0 0 0 1 1 1 1 0 1 1 1 1 1 0 0 0 1 1 0 0 1 1 0 0 1 0 0 0 0 1 0 1 1 0 
1 1 1 0 0 1 1 1 0 0 0 0 0 0 1 1 0 1 0 1 1 0 0 1 0 0 1 1 0 0 0 0 0 1 1 1 1 0 0 0 0 1 0 1 0 1 1 1 0 0 0 0 1 1 0 1 1 0 0 0 1 0 0 
0 1 0 0 0 1 1 0 1 0 1 0 0 1 0 0 1 0 1 0 0 0 0 1 1 0 1 0 0 1 1 1 1 1 1 1 1 0 0 0 1 0 0 1 0 1 1 1 1 0 0 0 0 0 0 0 1 1 0 0 0 0 0 
1 1 1 0 1 0 1 1 0 0 0 0 1 0 1 1 1 0 0 0 1 1 0 1 1 0 1 0 0 1 0 0 0 1 0 0 1 1 0 0 1 0 1 0 1 0 0 0 0 0 0 1 1 1 1 1 0 1 1 1 1 0 0 
1 0 0 1 0 0 1 0 1 1 0 1 1 1 0 1 1 0 0 1 1 0 1 0 1 0 1 1 1 1 1 1 0 0 0 0 0 1 0 0 0 0 1 1 0 0 0 1 0 1 0 0 1 1 1 1 0 1 0 0 0 1 1 
0 0 0 1 0 1 0 0 1 0 1 0 1 1 1 1 0 1 1 1 0 1 1 1 0 0 0 0 0 1 1 0 1 1 1 0 1 0 0 1 0 1 1 0 0 1 0 1 1 0 1 0 1 1 0 1 1 1 1 1 0 1 0 
1 1 1 1 1 1 0 1 1 1 0 0 1 0 1 0 1 1 0 1 1 0 1 0 1 1 1 1 0 0 1 0 1 1 0 0 0 0 0 0 0 0 1 1 1 0 1 1 0 1 0 0 0 0 1 1 1 1 1 1 1 0 0 
1 1 1 1 1 1 0 0 0 0 0 1 0 0 0 0 1 1 0 0 0 1 0 1 0 0 1 1 1 1 0 1 0 0 0 1 1 1 0 0 1 0 0 1 0 1 1 0 1 1 1 0 1 1 0 0 1 1 0 1 0 1 0 
1 0 0 0 0 0 1 0 1 1 1 1 0 1 0 1 1 0 1 0 1 0 0 0 0 1 0 0 0 1 0 0 0 1 1 1 1 1 0 0 1 0 0 0 1 0 1 1 0 1 0 0 1 1 0 1 0 0 1 0 1 0 0 
0 0 0 1 1 1 0 1 0 0 0 1 0 1 1 1 1 1 1 1 0 1 1 0 0 1 0 0 0 1 1 1 0 1 1 1 1 1 1 0 1 0 1 1 1 1 1 0 0 1 1 0 1 0 0 0 0 0 1 0 0 1 0 
1 0 1 0 1 1 1 1 1 1 0 0 0 0 0 1 0 0 0 0 1 1 0 0 0 1 0 1 0 0 1 1 1 1 0 1 0 0 0 1 1 1 0 0 1 0 0 1 0 1 1 0 1 1 1 0 1 1 0 0 1 1 0 
1 1 1 0 1 1 1 0 1 0 1 1 1 0 1 1 1 1 0 1 1 0 0 0 0 1 1 1 0 0 0 1 1 1 1 0 1 1 1 1 1 0 0 0 1 1 0 0 1 1 0 0 1 0 0 0 0 1 0 1 1 0 0 
1 0 0 0 0 1 0 1 1 0 0 1 1 1 0 1 1 1 0 1 0 1 1 1 0 1 1 1 1 0 1 1 0 0 0 0 1 1 1 0 0 0 1 1 1 1 0 1 1 1 1 1 0 0 0 1 1 0 0 1 1 0 0 
1 1 0 0 0 0 0 1 1 1 1 0 0 0 0 1 0 1 0 1 1 1 0 0 0 0 1 1 0 1 1 0 0 0 1 0 0 1 1 1 0 0 1 1 1 0 0 0 0 0 0 1 1 0 1 0 1 1 0 0 1 0 0 
1 1 0 0 1 0 1 1 0 0 0 0 0 0 0 0 1 1 1 0 1 1 0 1 0 0 0 0 1 1 1 1 1 1 1 0 0 1 1 1 1 1 1 0 1 1 1 0 0 1 0 1 0 1 1 0 1 1 0 1 0 1 1 
1 0 1 0 1 0 0 0 0 0 0 1 1 1 1 1 0 1 1 1 1 0 0 1 1 1 0 1 0 1 1 0 0 0 0 1 0 1 1 1 0 0 0 1 1 0 1 1 0 1 0 0 1 0 0 0 1 0 0 1 1 0 0 
0 1 0 0 0 0 1 0 0 1 1 1 1 0 0 0 1 1 1 0 0 0 0 1 0 0 0 0 0 1 1 1 0 0 1 1 0 0 1 1 0 1 1 1 1 0 1 0 0 1 1 0 0 0 1 0 0 0 1 0 1 0 0 
0 1 1 1 0 1 0 0 1 1 1 0 1 0 0 1 1 1 0 1 0 0 1 1 1 0 1 0 0 1 1 1 0 1 0 0 1 1 1 0 1 0 0 1 1 1 0 1 0 0 1 1 1 0 1 0 0 1 1 1 0 1 0 
1 1 0 0 1 1 1 1 0 1 1 0 1 0 1 0 1 0 1 0 0 1 1 1 0 0 0 1 0 1 0 1 1 0 0 1 1 0 0 0 0 1 1 0 0 1 1 1 0 0 1 0 1 1 1 0 1 1 0 1 1 0 1 
1 1 0 1 1 1 1 1 1 0 1 0 1 1 1 1 1 0 0 1 1 0 1 0 0 0 0 0 1 0 0 1 0 0 0 0 1 1 1 0 1 0 0 0 1 0 1 1 1 1 1 1 1 0 1 1 0 0 1 0 0 0 1 
0 0 1 0 1 0 1 0 1 0 1 1 0 0 0 1 1 1 0 1 0 1 0 0 1 1 0 0 1 1 1 1 0 0 1 1 0 0 0 1 1 0 1 0 0 0 1 0 0 1 0 0 1 0 0 0 1 1 0 0 0 0 1 
1 0 1 0 0 1 0 0 0 1 0 0 1 1 0 0 1 0 1 0 1 0 0 0 0 0 0 1 1 1 1 1 0 1 1 1 1 0 0 1 1 1 0 1 0 1 1 0 0 0 0 1 0 1 1 1 0 0 0 1 1 0 1 
1 1 0 0 1 1 0 1 1 1 1 0 1 0 0 1 1 0 0 0 1 0 0 0 1 0 1 0 0 0 1 0 0 0 0 1 0 0 1 1 1 1 0 0 0 1 1 1 0 0 0 0 1 0 0 0 0 0 1 1 1 0 0 
0 1 1 0 1 1 1 0 0 1 1 1 1 0 1 1 0 1 0 1 0 1 0 1 0 0 1 1 1 0 0 0 1 0 1 0 1 1 0 0 1 1 0 0 0 0 1 1 0 0 1 1 1 0 0 1 0 1 1 1 0 1 1 
1 1 1 1 0 0 0 0 1 0 1 0 1 1 1 0 0 0 0 1 1 0 1 1 0 0 0 1 0 0 1 1 1 0 0 1 1 1 0 0 0 0 0 0 1 1 0 1 0 1 1 0 0 1 0 0 1 1 0 0 0 0 0 
1 0 1 0 0 1 0 1 0 0 1 0 0 0 0 0 1 0 1 1 1 1 0 1 0 1 1 0 1 0 1 0 0 0 0 1 0 0 0 1 0 0 0 1 1 1 1 1 0 0 1 0 0 0 1 0 1 1 0 1 0 0 1 
1 1 1 1 1 1 1 1 1 0 1 0 0 1 0 0 1 1 1 1 1 0 1 0 1 0 1 0 0 0 1 0 1 0 1 0 0 1 0 1 1 1 0 0 1 1 0 1 1 0 1 1 0 0 1 0 1 0 0 0 1 1 0 
1 0 0 0 1 0 0 0 1 1 1 1 1 0 0 1 0 0 0 1 0 1 1 0 1 0 0 1 1 0 1 0 0 1 0 1 0 0 1 0 0 0 0 0 1 0 1 1 1 1 0 1 0 1 1 0 1 0 1 0 0 0 0 
0 1 1 1 0 1 1 1 1 1 1 0 1 0 1 1 1 1 1 0 0 1 1 0 1 0 0 0 0 0 1 0 0 1 0 0 0 0 1 1 1 0 1 0 0 0 1 0 1 1 1 1 1 1 1 0 1 1 0 0 1 0 0 
1 0 0 0 1 1 1 0 1 0 1 0 0 1 1 0 0 1 1 1 1 0 0 1 1 0 0 0 1 1 0 1 0 0 0 1 0 0 1 0 0 1 0 0 0 1 1 0 0 0 0 1 0 0 1 0 1 0 1 0 1 0 1 
0 0 1 1 0 0 1 0 0 0 0 1 0 1 1 0 0 1 1 1 0 1 1 1 0 1 0 1 1 1 0 1 1 1 1 0 1 1 0 0 0 0 1 1 1 0 0 0 1 1 1 1 0 1 1 1 1 1 0 0 0 1 1 
0 0 1 1 1 0 0 0 0 1 0 0 0 0 0 1 1 1 0 0 1 1 0 0 1 1 0 1 1 1 1 0 1 0 0 1 1 0 0 0 1 0 0 0 1 0 1 0 0 0 1 0 0 0 0 1 0 0 1 1 1 1 0 
1 0 0 1 0 0 0 0 0 1 0 1 1 1 1 0 1 0 1 1 0 1 0 1 0 0 0 0 1 0 0 0 1 0 0 0 1 1 1 1 1 0 0 1 0 0 0 1 0 1 1 0 1 0 0 1 1 0 1 0 0 1 0 
0 0 1 0 0 1 0 1 1 1 1 0 0 0 0 0 0 0 1 1 0 0 0 0 0 0 1 0 0 0 1 1 0 1 0 1 0 0 1 0 0 1 0 1 0 0 0 0 1 1 0 1 0 0 1 1 1 1 1 1 1 1 0 
0 0 1 1 0 1 0 0 1 0 1 0 0 1 0 0 0 0 0 1 0 1 1 1 1 0 1 0 1 1 0 1 0 1 0 0 0 0 1 0 0 0 1 0 0 0 1 1 1 1 1 0 0 1 0 0 0 1 0 1 1 0 1 
1 1 0 0 0 1 0 0 1 0 1 1 1 1 0 0 0 0 0 0 0 1 1 0 0 0 0 0 0 1 0 0 0 1 1 0 1 0 1 0 0 1 0 0 1 0 1 0 0 0 0 1 1 0 1 0 0 1 1 1 1 1 1 
1 1 1 1 0 0 0 1 1 0 0 1 1 0 0 1 0 0 0 0 1 0 1 1 0 0 1 1 1 0 1 1 1 0 1 0 1 1 1 0 1 1 1 1 0 1 1 0 0 0 0 1 1 1 0 0 0 1 1 1 1 0 1 
1 0 0 0 1 1 0 0 0 0 1 0 0 1 0 1 0 1 0 1 0 1 1 0 0 0 1 1 1 0 1 0 1 0 0 1 1 0 0 1 1 1 1 0 0 1 1 0 0 0 1 1 0 1 0 0 0 1 0 0 1 0 0 
1 1 0 0 1 1 0 0 1 1 0 1 1 1 1 0 1 0 0 1 1 0 0 0 1 0 0 0 1 0 1 0 0 0 1 0 0 0 0 1 0 0 1 1 1 1 0 0 0 1 1 1 0 0 0 0 1 0 0 0 0 0 1 
0 0 1 1 0 0 0 0 0 1 1 1 1 0 0 0 0 1 0 1 0 1 1 1 0 0 0 0 1 1 0 1 1 0 0 0 1 0 0 1 1 1 0 0 1 1 1 0 0 0 0 0 0 1 1 0 1 0 1 1 0 0 1 
0 1 1 1 0 1 0 1 1 0 0 0 0 1 0 1 1 1 0 0 0 1 1 0 1 1 0 1 0 0 1 0 0 0 1 0 0 1 1 0 0 1 0 1 0 1 0 0 0 0 0 0 1 1 1 1 1 0 1 1 1 1 0 
0 1 1 1 0 0 1 0 0 1 0 1 1 0 1 1 1 0 1 1 0 0 1 1 0 1 0 1 0 1 1 1 1 1 1 0 0 0 0 0 1 0 0 0 0 1 1 0 0 0 1 0 1 0 0 1 1 1 1 0 1 0 0 
0 1 0 1 0 0 0 1 0 1 0 1 0 0 1 0 1 1 1 0 0 1 1 0 1 1 0 1 1 0 0 1 0 1 0 0 0 1 1 0 1 1 1 1 1 1 1 1 1 0 1 0 0 1 0 0 1 1 1 1 1 0 1 
0 0 1 0 0 0 0 0 0 1 0 1 0 0 0 0 0 1 1 0 0 1 0 1 1 1 1 1 0 1 1 0 1 1 1 1 0 0 0 1 0 1 1 1 0 1 0 0 0 0 0 0 0 1 0 0 1 1 0 1 1 1 0 
1 0 0 1 0 0 0 0 0 0 0 0 0 1 0 1 1 0 1 1 0 0 0 0 0 1 0 1 0 1 0 1 1 1 0 1 0 1 0 1 1 0 1 0 0 0 1 1 0 0 1 0 0 1 0 0 1 1 0 1 0 1 1 
0 0 1 1 0 1 1 0 0 1 1 1 1 1 0 0 0 0 1 1 1 1 0 1 0 1 0 0 0 1 1 1 1 0 0 1 0 0 1 1 1 0 1 1 0 0 0 1 1 0 0 0 1 1 1 1 1 1 0 0 1 0 1 
1 1 0 0 1 0 1 1 1 0 1 1 0 1 1 0 1 1 1 0 0 1 1 1 1 0 1 1 0 1 0 1 0 1 0 1 0 0 1 1 1 0 0 0 1 0 1 0 1 1 0 0 1 1 0 0 0 0 1 1 0 0 1 
0 1 1 1 1 1 0 1 1 1 1 0 0 1 1 1 0 1 0 1 1 0 0 0 0 1 0 1 1 1 0 0 0 1 1 0 1 1 0 1 0 0 1 0 0 0 1 0 0 1 1 0 0 1 0 1 0 1 0 0 0 0 0 
0 1 1 0 0 0 1 1 1 0 1 0 1 0 0 1 1 0 0 1 1 1 1 0 0 1 1 0 0 0 1 1 0 1 0 0 0 1 0 0 1 0 0 1 0 0 0 1 1 0 0 0 0 1 0 0 1 0 1 0 1 0 1 
0 0 0 0 1 1 0 1 1 0 0 0 1 0 0 1 1 1 0 0 1 1 1 0 0 0 0 0 0 1 1 0 1 0 1 1 0 0 1 0 0 1 1 0 0 0 0 0 1 1 1 1 0 0 0 0 1 0 1 0 1 1 1 
1 0 0 1 1 1 0 0 0 1 0 1 0 1 1 0 0 1 1 0 0 0 0 1 1 0 0 1 1 1 0 0 1 0 1 1 1 0 1 1 0 1 1 0 1 1 1 0 0 1 1 1 1 0 1 1 0 1 0 1 0 1 0 
1 1 1 0 1 1 0 1 0 0 0 0 1 1 1 1 1 1 1 0 0 1 1 1 1 1 1 0 1 1 1 0 0 1 0 1 0 1 1 0 1 1 0 1 0 1 1 1 1 0 0 1 0 1 1 0 0 0 0 0 0 0 0 
1 1 1 0 1 0 1 1 1 1 1 0 0 1 1 0 1 0 0 0 0 0 1 0 0 1 0 0 0 0 1 1 1 0 1 0 0 0 1 0 1 1 1 1 1 1 1 0 1 1 0 0 1 0 0 0 1 1 1 0 1 1 1 
0 0 1 0 1 1 1 1 0 1 0 1 1 0 1 0 1 0 0 0 0 1 0 0 0 1 0 0 0 1 1 1 1 1 0 0 1 0 0 0 1 0 1 1 0 1 0 0 1 1 0 1 0 0 1 0 1 0 0 1 0 0 0 
0 1 1 0 1 0 1 0 0 1 0 0 1 0 1 0 0 0 0 1 1 0 1 0 0 1 1 1 1 1 1 1 1 0 0 0 1 0 0 1 0 1 1 1 1 0 0 0 0 0 0 0 1 1 0 0 0 0 0 0 1 0 0 
0 0 0 1 0 1 1 1 1 1 1 1 0 1 1 0 0 1 0 0 0 1 1 1 0 1 1 1 1 1 1 0 1 0 1 1 1 1 1 0 0 1 1 0 1 0 0 0 0 0 1 0 0 1 0 0 0 0 1 1 1 0 1 
0 1 1 0 1 1 1 1 0 1 0 0 1 1 0 0 0 1 0 0 0 1 0 1 0 0 0 1 0 0 0 0 1 0 0 1 1 1 1 0 0 0 1 1 1 0 0 0 0 1 0 0 0 0 0 1 1 1 0 0 1 1 0 
1 0 1 1 0 1 1 0 1 0 1 1 1 1 0 0 1 0 1 1 0 0 0 0 0 0 0 0 1 1 1 0 1 1 0 1 0 0 0 0 1 1 1 1 1 1 1 0 0 1 1 1 1 1 1 0 1 1 1 0 0 1 0 
0 0 1 0 0 1 0 1 0 0 0 0 1 1 0 1 0 0 1 1 1 1 1 1 1 1 0 0 0 1 0 0 1 0 1 1 1 1 0 0 0 0 0 0 0 1 1 0 0 0 0 0 0 1 0 0 0 1 1 0 1 0 1 
0 0 0 0 0 0 1 1 0 0 0 0 0 0 1 0 0 0 1 1 0 1 0 1 0 0 1 0 0 1 0 1 0 0 0 0 1 1 0 1 0 0 1 1 1 1 1 1 1 1 0 0 0 1 0 0 1 0 1 1 1 1 0 
1 0 0 0 0 1 1 0 0 0 1 0 1 0 0 1 1 1 1 0 1 0 0 0 1 1 1 0 0 1 0 0 1 0 1 1 0 1 1 1 0 1 1 0 0 1 1 0 1 0 1 0 1 1 1 1 1 1 0 0 0 0 0 
0 0 0 1 0 0 1 1 1 1 0 0 0 1 1 1 0 0 0 0 1 0 0 0 0 0 1 1 1 0 0 1 1 0 0 1 1 0 1 1 1 1 0 1 0 0 1 1 0 0 0 1 0 0 0 1 0 1 0 0 0 1 0 
1 0 1 1 0 1 0 0 0 1 1 0 0 1 0 0 1 0 0 1 1 0 1 0 1 1 1 0 0 1 0 0 0 0 0 0 0 0 0 1 0 1 1 0 1 1 0 0 0 0 0 1 0 1 0 1 0 1 1 1 0 1 0 
1 1 1 1 0 0 0 0 0 0 0 1 1 0 0 0 0 0 0 1 0 0 0 1 1 0 1 0 1 0 0 1 0 0 1 0 1 0 0 0 0 1 1 0 1 0 0 1 1 1 1 1 1 1 1 0 0 0 1 0 0 1 0 
1 1 0 1 0 1 1 1 1 1 0 0 1 1 0 1 0 0 0 0 0 1 0 0 1 0 0 0 0 1 1 1 0 1 0 0 0 1 0 1 1 1 1 1 1 1 0 1 1 0 0 1 0 0 0 1 1 1 0 1 1 1 1 
0 0 1 1 0 0 1 1 1 1 0 0 1 1 0 0 0 1 1 0 1 0 0 0 1 0 0 1 0 0 1 0 0 0 1 1 0 0 0 0 1 0 0 1 0 1 0 1 0 1 0 1 1 0 0 0 1 1 1 0 1 0 1 
0 1 1 0 0 1 1 1 1 0 0 1 1 0 0 0 1 1 0 1 0 0 0 1 0 0 1 0 0 1 0 0 0 1 1 0 0 0 0 1 0 0 1 0 1 0 1 0 1 0 1 1 0 0 0 1 1 1 0 1 0 1 0 
0 0 1 1 1 1 0 0 0 1 1 1 0 0 0 0 1 0 0 0 0 0 1 1 1 0 0 1 1 0 0 1 1 0 1 1 1 1 0 1 0 0 1 1 0 0 0 1 0 0 0 1 0 1 0 0 0 1 0 0 0 0 1 
0 0 0 0 0 1 1 1 0 1 1 0 1 0 0 0 0 1 1 1 1 1 1 1 0 0 1 1 1 1 1 1 0 1 1 1 0 0 1 0 1 0 1 1 0 1 1 0 1 0 1 1 1 1 0 0 1 0 1 1 0 0 0 
0 1 0 1 1 1 0 0 0 0 1 1 0 1 1 0 0 0 1 0 0 1 1 1 0 0 1 1 1 0 0 0 0 0 0 1 1 0 1 0 1 1 0 0 1 0 0 1 1 0 0 0 0 0 1 1 1 1 0 0 0 0 1 
0 1 1 0 0 0 0 1 1 0 0 1 1 1 0 0 1 0 1 1 1 0 1 1 0 1 1 0 1 1 1 0 0 1 1 1 1 0 1 1 0 1 0 1 0 1 0 1 0 0 1 1 1 0 0 0 1 0 1 0 1 1 0 
0 1 1 1 0 0 0 1 1 1 1 0 1 1 1 1 1 0 0 0 1 1 0 0 1 1 0 0 1 0 0 0 0 1 0 1 1 0 0 1 1 1 0 1 1 1 0 1 0 1 1 1 0 1 1 1 1 0 1 1 0 0 0 
0 0 0 0 1 0 0 1 1 0 1 1 1 0 0 0 1 0 0 0 0 0 0 1 0 1 0 0 0 0 0 1 1 0 0 1 0 1 1 1 1 1 0 1 1 0 1 1 1 1 0 0 0 1 0 1 1 1 0 1 0 0 0 
0 0 0 1 0 0 1 1 0 1 1 1 0 0 0 1 0 0 0 0 0 0 1 0 1 0 0 0 0 0 1 1 0 0 1 0 1 1 1 1 1 0 1 1 0 1 1 1 1 0 0 0 1 0 1 1 1 0 1 0 0 0 0 
0 0 1 1 0 1 1 0 1 0 0 1 0 0 0 1 0 0 1 1 0 0 1 0 1 0 1 0 0 0 0 0 0 1 1 1 1 1 0 1 1 1 1 0 0 1 1 1 0 1 0 1 1 0 0 0 0 1 0 1 1 1 0 
0 1 1 1 0 0 1 1 1 0 0 0 0 0 0 1 1 0 1 0 1 1 0 0 1 0 0 1 1 0 0 0 0 0 1 1 1 1 0 0 0 0 1 0 1 0 1 1 1 0 0 0 0 1 1 0 1 1 0 0 0 1 0 
1 0 1 1 0 0 1 0 1 0 0 0 1 1 0 1 1 1 1 1 1 1 1 1 0 1 0 0 1 0 0 1 1 1 1 1 0 1 0 1 0 1 0 0 0 1 0 1 0 1 0 0 1 0 1 1 1 0 0 1 1 0 1 
0 1 0 1 1 0 0 0 1 1 1 0 1 0 1 0 0 1 1 0 0 1 1 1 1 0 0 1 1 0 0 0 1 1 0 1 0 0 0 1 0 0 1 0 0 1 0 0 0 1 1 0 0 0 0 1 0 0 1 0 1 0 1 
0 0 1 0 0 1 0 0 1 0 0 0 1 1 0 0 0 0 1 0 0 1 0 1 0 1 0 1 0 1 1 0 0 0 1 1 1 0 1 0 1 0 0 1 1 0 0 1 1 1 1 0 0 1 1 0 0 0 1 1 0 1 0 
0 0 1 0 1 1 1 0 1 1 0 1 1 0 1 1 1 0 0 1 1 1 1 0 1 1 0 1 0 1 0 1 0 1 0 0 1 1 1 0 0 0 1 0 1 0 1 1 0 0 1 1 0 0 0 0 1 1 0 0 1 1 1 
0 1 1 1 1 0 0 1 0 0 1 1 1 0 1 1 0 0 0 1 1 0 0 0 1 1 1 1 1 1 0 0 1 0 1 0 0 1 1 0 1 1 0 0 1 1 1 1 1 0 0 0 0 1 1 1 1 0 1 0 1 0 0 
1 0 0 0 1 0 0 1 1 1 0 0 1 1 1 0 0 0 0 0 0 1 1 0 1 0 1 1 0 0 1 0 0 1 1 0 0 0 0 0 1 1 1 1 0 0 0 0 1 0 1 0 1 1 1 0 0 0 0 1 1 0 1 
0 1 1 1 1 0 0 1 0 1 1 0 0 0 0 0 0 0 0 1 1 1 0 1 1 0 1 0 0 0 0 1 1 1 1 1 1 1 0 0 1 1 1 1 1 1 0 1 1 1 0 0 1 0 1 0 1 1 0 1 1 0 1 
1 0 0 1 1 1 1 1 0 0 0 0 1 1 1 1 0 1 0 1 0 0 0 1 1 1 1 0 0 1 0 0 1 1 1 0 1 1 0 0 0 1 1 0 0 0 1 1 1 1 1 1 0 0 1 0 1 0 0 1 1 0 1 
0 0 1 1 1 0 1 0 0 0 1 0 1 1 1 1 1 1 1 0 1 1 0 0 1 0 0 0 1 1 1 0 1 1 1 1 1 1 0 1 0 1 1 1 1 1 0 0 1 1 0 1 0 0 0 0 0 1 0 0 1 0 0 
0 0 0 1 1 0 0 0 0 1 0 0 1 0 1 0 1 0 1 0 1 1 0 0 0 1 1 1 0 1 0 1 0 0 1 1 0 0 1 1 1 1 0 0 1 1 0 0 0 1 1 0 1 0 0 0 1 0 0 1 0 0 1 
0 1 0 1 0 0 1 1 0 1 1 0 0 1 1 1 1 1 0 0 0 0 1 1 1 1 0 1 0 1 0 0 0 1 1 1 1 0 0 1 0 0 1 1 1 0 1 1 0 0 0 1 1 0 0 0 1 1 1 1 1 1 0 
1 0 1 1 0 1 0 1 1 1 1 0 0 1 0 1 1 0 0 0 0 0 0 0 0 1 1 1 0 1 1 0 1 0 0 0 0 1 1 1 1 1 1 1 0 0 1 1 1 1 1 1 0 1 1 1 0 0 1 0 1 0 1 
0 0 0 0 0 0 1 0 1 0 0 0 0 0 1 1 0 0 1 0 1 1 1 1 1 0 1 1 0 1 1 1 1 0 0 0 1 0 1 1 1 0 1 0 0 0 0 0 0 0 1 0 0 1 1 0 1 1 1 0 0 0 1 
0 1 1 1 0 0 0 1 0 1 0 1 1 0 0 1 1 0 0 0 0 1 1 0 0 1 1 1 0 0 1 0 1 1 1 0 1 1 0 1 1 0 1 1 1 0 0 1 1 1 1 0 1 1 0 1 0 1 0 1 0 1 0 
0 1 1 1 0 0 0 0 1 1 0 1 1 0 0 0 1 0 0 1 1 1 0 0 1 1 1 0 0 0 0 0 0 1 1 0 1 0 1 1 0 0 1 0 0 1 1 0 0 0 0 0 1 1 1 1 0 0 0 0 1 0 1 
1 0 1 1 1 1 1 1 1 1 1 0 1 0 0 1 0 0 1 1 1 1 1 0 1 0 1 0 1 0 0 0 1 0 1 0 1 0 0 1 0 1 1 1 0 0 1 1 0 1 1 0 1 1 0 0 1 0 1 0 0 0 1 
1 1 1 0 0 1 0 1 0 1 1 0 1 1 0 1 0 1 1 1 1 0 0 1 0 1 1 0 0 0 0 0 0 0 0 1 1 1 0 1 1 0 1 0 0 0 0 1 1 1 1 1 1 1 0 0 1 1 1 1 1 1 0 
0 1 1 1 1 1 0 1 0 1 0 1 0 0 0 1 0 1 0 1 0 0 1 0 1 1 1 0 0 1 1 0 1 1 0 1 1 0 0 1 0 1 0 0 0 1 1 0 1 1 1 1 1 1 1 1 1 0 1 0 0 1 0 
1 0 1 0 1 0 0 1 0 1 1 1 0 0 1 1 0 1 1 0 1 1 0 0 1 0 1 0 0 0 1 1 0 1 1 1 1 1 1 1 1 1 0 1 0 0 1 0 0 1 1 1 1 1 0 1 0 1 0 1 0 0 0 
1 1 1 0 0 0 0 0 0 0 1 1 0 0 0 0 0 0 1 0 0 0 1 1 0 1 0 1 0 0 1 0 0 1 0 1 0 0 0 0 1 1 0 1 0 0 1 1 1 1 1 1 1 1 0 0 0 1 0 0 1 0 1 
0 0 0 1 0 1 0 1 0 0 1 0 1 1 1 0 0 1 1 0 1 1 0 1 1 0 0 1 0 1 0 0 0 1 1 0 1 1 1 1 1 1 1 1 1 0 1 0 0 1 0 0 1 1 1 1 1 0 1 0 1 0 1 
1 1 1 0 0 1 1 0 0 1 1 0 1 1 1 1 0 1 0 0 1 1 0 0 0 1 0 0 0 1 0 1 0 0 0 1 0 0 0 0 1 0 0 1 1 1 1 0 0 0 1 1 1 0 0 0 0 1 0 0 0 0 0 
1 1 1 1 1 1 0 1 0 1 1 1 1 1 0 0 1 1 0 1 0 0 0 0 0 1 0 0 1 0 0 0 0 1 1 1 0 1 0 0 0 1 0 1 1 1 1 1 1 1 0 1 1 0 0 1 0 0 0 1 1 1 0 
1 0 0 0 0 0 1 0 1 0 1 0 1 1 1 0 1 0 1 0 1 1 0 1 0 0 0 1 1 0 0 1 0 0 1 0 0 1 1 0 1 0 1 1 1 0 0 1 0 0 0 0 0 0 0 0 0 1 0 1 1 0 1 
0 0 0 1 1 0 1 1 1 1 1 1 1 1 1 0 1 0 0 1 0 0 1 1 1 1 1 0 1 0 1 0 1 0 0 0 1 0 1 0 1 0 0 1 0 1 1 1 0 0 1 1 0 1 1 0 1 1 0 0 1 0 1 
0 0 1 0 0 1 0 1 1 0 1 1 1 0 1 1 0 0 1 1 0 1 0 1 0 1 1 1 1 1 1 0 0 0 0 0 1 0 0 0 0 1 1 0 0 0 1 0 1 0 0 1 1 1 1 0 1 0 0 0 1 1 1 
0 1 1 1 1 1 0 0 1 1 0 1 0 0 0 0 0 1 0 0 1 0 0 0 0 1 1 1 0 1 0 0 0 1 0 1 1 1 1 1 1 1 0 1 1 0 0 1 0 0 0 1 1 1 0 1 1 1 1 1 1 0 1 
0 0 1 1 1 1 1 1 1 1 0 0 0 1 0 0 1 0 1 1 1 1 0 0 0 0 0 0 0 1 1 0 0 0 0 0 0 1 0 0 0 1 1 0 1 0 1 0 0 1 0 0 1 0 1 0 0 0 0 1 1 0 1 
0 0 0 1 1 1 0 0 0 1 1 1 1 0 1 1 1 1 1 0 0 0 1 1 0 0 1 1 0 0 1 0 0 0 0 1 0 1 1 0 0 1 1 1 0 1 1 1 0 1 0 1 1 1 0 1 1 1 1 0 1 1 0 


; Maximum HD = 89, Minimum HD = 55 
; Maximum Row HD = 63, Minimum Row HD = 27 
