0 0 0 0 1 1 1 0 1 1 0 0 1 0 1 
0 0 1 0 1 1 0 0 0 0 1 0 1 0 1 
1 0 1 0 0 1 1 1 1 0 1 0 1 0 1 
1 1 1 0 0 0 1 0 0 1 1 0 1 0 1 
0 1 1 0 1 0 0 1 1 1 1 0 1 0 1 
1 1 1 1 0 0 1 1 0 0 0 1 1 0 1 
0 1 1 1 1 0 0 0 1 0 0 1 1 0 1 
0 0 1 1 1 1 0 1 0 1 0 1 1 0 1 
1 0 1 1 0 1 1 0 1 1 0 1 1 0 1 
1 0 0 1 0 1 0 0 0 0 1 1 1 0 1 
0 0 0 1 1 1 1 1 1 0 1 1 1 0 1 
0 1 0 1 1 0 1 0 0 1 1 1 1 0 1 
1 1 0 1 0 0 0 1 1 1 1 1 1 0 1 
0 0 1 1 1 0 0 1 0 0 0 0 0 1 1 
1 0 1 1 0 0 1 0 1 0 0 0 0 1 1 
1 1 1 1 0 1 1 1 0 1 0 0 0 1 1 
0 1 1 1 1 1 0 0 1 1 0 0 0 1 1 
0 1 0 1 1 1 1 0 0 0 1 0 0 1 1 
1 1 0 1 0 1 0 1 1 0 1 0 0 1 1 
1 0 0 1 0 0 0 0 0 1 1 0 0 1 1 
0 0 0 1 1 0 1 1 1 1 1 0 0 1 1 
1 0 0 0 0 0 0 1 0 0 0 1 0 1 1 
0 0 0 0 1 0 1 0 1 0 0 1 0 1 1 
0 1 0 0 1 1 1 1 0 1 0 1 0 1 1 
1 1 0 0 0 1 0 0 1 1 0 1 0 1 1 
1 1 1 0 0 1 1 0 0 0 1 1 0 1 1 
0 1 1 0 1 1 0 1 1 0 1 1 0 1 1 
0 0 1 0 1 0 0 0 0 1 1 1 0 1 1 
1 0 1 0 0 0 1 1 1 1 1 1 0 1 1 
0 1 1 0 0 1 0 1 0 0 0 0 1 1 1 
1 1 1 0 1 1 1 0 1 0 0 0 1 1 1 
1 0 1 0 1 0 1 1 0 1 0 0 1 1 1 
0 0 1 0 0 0 0 0 1 1 0 0 1 1 1 
0 0 0 0 0 0 1 0 0 0 1 0 1 1 1 
1 0 0 0 1 0 0 1 1 0 1 0 1 1 1 
1 1 0 0 1 1 0 0 0 1 1 0 1 1 1 
0 1 0 0 0 1 1 1 1 1 1 0 1 1 1 
1 1 0 1 1 1 0 1 0 0 0 1 1 1 1 
0 1 0 1 0 1 1 0 1 0 0 1 1 1 1 
0 0 0 1 0 0 1 1 0 1 0 1 1 1 1 
1 0 0 1 1 0 0 0 1 1 0 1 1 1 1 
1 0 1 1 1 0 1 0 0 0 1 1 1 1 1 
0 0 1 1 0 0 0 1 1 0 1 1 1 1 1 
0 1 1 1 0 1 0 0 0 1 1 1 1 1 1 
1 1 1 1 1 1 1 1 1 1 1 1 1 1 1 


; Maximum HD = 29, Minimum HD = 13 
; Maximum row HD = 10, Minimum row HD = 5 
