1 1 0 0 1 1 0 1 1 1 1 1 0 1 0 0 0 1 0 0 1 0 1 0 1 1 0 0 0 0 1 
1 0 0 1 1 1 0 0 1 1 0 0 1 0 1 0 0 0 1 0 1 0 0 0 0 0 1 0 0 0 0 
0 0 1 0 0 0 1 1 1 0 1 1 1 1 1 0 1 1 0 1 1 1 0 0 1 1 1 0 1 0 1 
1 0 1 1 1 0 1 1 1 1 1 1 1 0 0 0 1 0 1 0 0 0 1 0 0 0 1 0 1 0 0 
0 0 1 0 0 1 0 0 1 1 0 0 1 0 0 1 1 1 0 1 0 0 1 1 0 1 1 1 1 0 0 
0 0 1 1 1 0 0 0 0 0 0 1 0 1 1 0 1 0 0 1 0 1 1 1 1 1 0 1 0 1 0 
0 1 0 1 1 0 0 1 1 0 1 0 0 1 0 0 0 0 0 0 1 0 0 0 1 0 1 1 0 0 0 
0 1 1 1 0 1 0 0 0 0 1 0 0 0 0 0 1 1 0 0 0 1 0 0 0 0 1 1 1 0 0 
0 1 1 0 0 1 0 0 0 1 1 0 1 0 0 0 0 0 0 0 0 0 0 1 0 1 0 1 0 1 1 
1 0 1 1 1 0 1 0 1 1 0 1 0 0 0 1 0 0 0 0 0 0 0 1 1 1 0 1 0 1 1 
0 1 1 1 0 0 1 0 0 0 1 0 1 0 1 1 1 1 0 1 1 0 1 0 0 1 1 0 0 0 0 
1 1 1 0 1 1 0 0 0 1 1 0 0 1 1 0 1 0 1 1 1 0 1 0 1 1 1 1 1 0 1 
1 1 1 1 1 0 0 1 1 0 0 0 1 0 1 1 1 0 0 0 1 0 1 0 1 0 0 0 1 0 0 
0 0 1 1 1 0 0 1 1 0 0 1 0 1 0 0 0 1 0 1 0 0 0 0 0 1 0 0 0 0 1 
1 0 1 1 0 0 0 0 0 0 1 1 0 0 1 0 1 1 1 1 0 1 0 1 0 1 1 0 0 0 1 
0 1 0 0 1 1 1 1 1 1 1 0 0 1 1 1 1 1 0 1 0 0 1 1 1 0 0 0 0 1 1 
0 0 1 1 0 1 0 1 1 1 1 1 1 1 0 1 0 0 0 0 0 1 1 1 1 1 0 1 1 1 0 
1 1 1 1 1 1 0 1 1 1 0 1 0 0 1 1 1 1 0 1 0 0 1 1 0 0 1 0 1 1 0 
0 1 0 1 0 1 1 1 0 1 1 0 0 0 0 0 1 1 0 0 1 1 1 0 1 0 0 0 1 1 1 
0 0 0 0 1 1 0 0 0 0 1 1 1 1 0 0 1 1 1 0 0 1 0 1 1 0 1 0 1 0 1 
0 0 0 1 1 1 0 1 1 0 0 0 1 0 0 1 1 0 0 0 1 1 0 0 0 1 1 1 1 1 0 
0 1 0 0 0 0 0 1 1 0 0 0 1 0 0 0 0 1 1 1 0 0 0 1 1 1 0 1 0 0 0 
1 1 0 1 1 0 0 0 0 1 0 0 1 1 0 0 1 1 0 0 1 0 0 0 1 0 0 0 0 1 0 
0 1 1 1 0 1 1 0 0 1 1 1 0 0 1 1 1 0 0 0 0 0 1 1 1 1 0 0 0 1 0 
0 1 1 0 0 1 1 1 1 0 0 1 0 0 1 1 0 1 0 1 1 0 0 0 0 0 1 0 0 1 1 
0 1 1 0 1 0 1 0 1 0 1 0 1 1 0 0 1 1 0 0 0 1 1 1 0 1 1 0 1 0 0 
1 1 0 1 0 1 1 0 0 0 0 0 1 0 0 1 1 0 1 1 0 0 1 1 1 1 0 0 1 0 0 
1 0 0 0 0 1 1 0 0 1 1 0 0 0 0 1 0 0 0 1 1 0 0 1 1 1 1 1 1 0 1 
1 0 1 1 1 1 1 1 1 0 0 0 1 0 1 0 0 0 1 0 0 0 1 0 1 0 0 1 0 1 1 
1 0 0 1 0 1 0 0 0 1 1 1 1 0 1 0 1 0 0 1 1 0 1 1 0 1 1 0 1 0 0 
0 1 1 0 0 0 1 1 1 1 1 0 0 0 0 1 1 1 0 1 1 0 0 0 1 0 0 1 1 0 0 
0 0 0 0 1 0 1 0 0 1 1 0 0 0 1 0 0 1 0 0 1 0 0 1 1 1 0 0 0 1 1 
1 1 1 1 1 1 1 0 0 1 1 1 1 1 0 1 0 0 1 1 1 0 0 0 0 1 1 0 1 0 0 
1 0 1 0 0 0 0 0 0 1 1 1 1 0 1 0 0 0 1 1 0 0 0 0 0 0 0 0 1 1 0 
0 0 0 0 1 0 1 1 0 0 1 1 0 1 0 0 1 0 0 0 0 0 0 1 0 0 0 1 0 1 1 
0 0 1 0 0 1 1 1 1 0 0 1 1 0 0 1 1 1 1 0 1 1 1 0 0 1 1 0 0 0 0 
0 0 1 0 1 0 0 0 0 1 0 1 1 1 1 0 0 1 0 1 0 0 1 0 1 0 1 1 1 0 1 
1 0 0 0 0 1 1 1 1 1 0 0 1 0 0 1 0 0 0 0 0 1 1 1 0 1 1 1 0 1 1 
0 0 1 1 0 0 1 1 0 0 0 0 1 0 0 0 1 1 0 0 1 1 1 1 1 1 0 1 1 0 0 
1 0 1 0 0 1 0 0 1 1 0 1 1 1 0 0 1 0 1 1 1 1 1 1 1 1 1 1 0 1 0 
1 0 1 0 1 0 1 0 0 1 1 0 0 1 1 1 0 0 0 1 0 0 1 0 1 1 1 0 0 1 0 
0 1 0 1 1 0 0 0 1 0 1 0 0 1 1 1 0 1 1 1 0 0 1 0 0 1 0 1 0 1 0 
0 1 1 0 0 1 1 1 0 1 1 0 1 1 0 1 1 0 0 0 1 1 1 0 0 1 1 1 1 0 1 
0 0 0 0 0 0 1 1 0 1 1 1 1 0 1 0 1 1 1 0 0 1 0 0 0 0 0 0 0 0 1 
0 0 0 1 0 1 0 1 0 0 1 1 1 0 0 1 0 0 1 1 1 1 1 1 0 0 1 1 0 1 0 
1 1 0 0 1 0 0 1 1 1 0 1 0 0 1 1 0 1 1 1 1 0 0 0 0 1 0 0 1 0 0 
0 1 0 0 0 1 0 0 1 1 0 1 0 0 1 1 0 1 0 1 0 0 1 0 1 0 0 1 0 0 0 
0 1 1 1 0 0 1 1 0 0 1 0 1 0 0 0 1 0 1 0 0 0 0 0 1 0 0 0 0 1 0 
1 1 0 1 0 1 1 1 0 0 1 0 0 0 0 0 0 0 0 1 0 0 0 0 0 0 1 1 0 1 1 
0 1 1 0 0 1 0 1 0 0 0 1 0 1 0 0 0 0 0 1 0 0 0 0 1 0 0 1 1 1 0 
1 0 0 1 1 1 1 0 1 0 0 1 1 0 0 1 0 1 1 0 1 1 1 1 1 1 0 1 1 1 0 
1 0 1 0 0 0 0 0 1 0 1 0 1 1 1 0 0 0 1 1 1 1 1 1 0 1 0 0 1 0 1 
1 1 1 1 0 0 0 1 0 1 1 0 1 1 1 0 1 0 0 0 1 0 1 1 1 1 1 1 0 1 0 
0 1 0 0 0 0 0 0 1 1 0 1 1 1 1 0 1 0 1 1 1 0 0 1 0 0 0 0 0 0 0 
1 0 0 1 1 0 1 1 1 0 1 1 1 1 0 1 0 0 1 0 0 1 1 1 1 0 1 1 0 0 1 
1 1 0 1 0 0 1 0 1 1 0 1 0 0 0 0 0 1 0 1 0 1 1 1 0 0 0 1 1 1 1 
1 0 0 1 0 1 1 1 1 0 1 0 1 0 1 1 0 0 0 1 1 0 1 1 0 0 0 0 0 0 1 
0 0 0 1 1 1 0 0 1 1 1 1 0 1 0 1 1 0 0 1 1 1 0 1 1 0 1 1 0 1 1 
0 0 0 1 1 0 1 0 1 0 0 0 0 0 0 1 1 1 1 0 1 0 0 0 1 1 0 0 0 0 0 
1 1 0 1 1 1 0 1 0 1 1 0 1 0 0 0 1 0 0 0 0 0 0 0 1 1 1 0 1 0 1 
0 1 1 1 1 1 0 0 0 1 1 0 1 1 1 0 1 0 1 0 0 0 0 1 0 0 1 0 1 1 0 
1 0 0 1 0 0 1 0 1 0 1 0 0 1 0 1 1 0 0 0 1 0 1 0 0 1 1 1 0 1 1 
0 0 1 1 1 0 1 1 1 0 1 1 1 0 0 0 0 1 1 1 1 1 0 0 1 0 0 1 0 0 0 
0 0 0 0 1 1 1 0 1 1 1 0 1 1 1 0 0 0 0 1 1 1 1 1 0 0 1 0 0 1 0 
0 0 1 0 1 1 1 0 0 1 1 1 1 1 1 1 1 0 0 1 0 1 0 1 1 1 1 1 1 0 0 
0 1 0 1 1 0 0 1 1 0 0 0 1 1 1 0 1 1 0 1 0 0 0 1 1 0 1 0 1 0 1 
1 0 1 1 1 1 0 0 0 0 0 0 1 1 1 0 0 0 0 1 0 0 0 0 1 1 0 0 1 0 0 
1 0 1 0 0 0 1 1 0 1 1 1 1 1 1 1 1 0 1 1 1 1 1 1 0 0 1 0 0 0 0 
0 1 1 1 0 0 0 0 1 0 1 0 1 1 0 0 1 0 0 1 0 0 1 0 1 1 0 1 1 0 1 
0 1 0 1 1 1 0 0 1 0 0 0 0 0 0 0 0 1 0 0 0 0 0 0 1 1 0 1 1 1 1 
0 0 1 0 0 1 1 1 0 0 0 1 1 0 0 0 0 1 0 1 0 0 1 1 0 0 0 1 0 0 1 
1 1 0 0 1 1 0 0 0 1 1 1 0 1 1 0 1 0 0 0 1 1 0 1 0 1 0 1 0 1 0 
1 0 1 1 0 1 1 0 1 0 1 1 1 0 0 0 0 1 0 1 0 1 1 0 0 1 0 0 1 0 0 
1 0 0 0 0 1 0 1 1 0 0 1 1 0 1 0 0 1 0 0 0 0 0 0 1 0 0 0 1 0 1 
1 1 1 1 1 0 0 0 0 0 1 0 0 0 1 1 1 0 0 1 0 1 0 0 0 0 0 0 0 1 0 
1 1 0 0 1 0 0 0 1 1 0 1 0 0 0 0 0 0 0 0 0 0 1 0 1 0 1 0 1 1 0 
0 1 0 0 1 1 0 0 1 1 1 0 0 0 1 0 0 1 0 1 1 1 0 0 1 0 1 0 1 0 1 
0 1 0 1 1 0 0 0 1 1 0 1 1 0 0 0 0 0 0 1 1 0 0 1 0 1 1 1 1 0 1 
1 1 0 1 1 0 1 1 0 0 0 1 1 1 0 0 1 1 1 1 0 1 0 1 1 0 0 1 1 1 0 
1 1 1 0 1 1 0 1 1 1 0 0 1 1 1 0 1 0 1 0 0 1 0 0 0 1 1 1 0 1 1 
1 0 1 0 1 1 0 1 0 0 1 1 1 0 1 0 1 1 0 0 0 1 0 0 0 1 1 0 1 1 0 
0 0 1 0 0 0 1 0 1 0 0 1 0 1 1 1 0 1 1 1 1 1 1 1 0 0 0 1 0 1 0 
0 1 1 1 0 0 0 0 0 1 0 1 0 0 1 0 0 1 0 0 0 1 0 0 1 0 0 0 0 1 1 
0 1 0 1 1 1 0 1 0 0 1 0 1 0 0 0 0 1 0 1 1 1 1 0 0 1 0 1 0 0 1 
1 1 0 1 1 0 0 0 1 1 1 0 0 1 1 1 1 0 1 0 1 1 0 0 1 1 1 0 1 1 0 
1 0 1 1 0 0 0 1 1 0 1 1 0 0 0 0 0 0 1 1 0 0 1 0 1 1 1 1 0 1 0 
1 1 1 1 0 0 1 0 0 1 1 0 1 0 1 1 0 0 0 0 0 1 0 0 1 1 0 1 1 0 0 
1 0 0 1 1 1 1 1 1 0 1 1 0 0 0 0 1 1 0 0 1 1 0 0 0 0 1 0 0 0 1 
0 1 0 0 1 0 1 0 1 0 0 1 0 1 1 0 0 0 1 0 1 0 0 1 1 1 0 1 1 1 0 
0 0 0 1 1 0 1 1 1 0 1 0 1 0 0 0 0 1 0 0 1 0 1 1 0 0 1 1 1 1 1 
0 1 0 0 1 1 1 1 0 1 0 0 1 1 0 0 1 0 1 1 0 1 1 1 1 1 1 0 1 1 1 
0 0 1 1 0 1 1 1 1 1 1 1 1 0 1 1 1 1 1 1 0 0 1 0 0 0 0 1 0 1 0 
0 0 0 0 1 1 1 0 0 0 0 1 0 0 0 0 1 1 0 0 1 0 0 1 0 1 1 1 1 0 0 
1 0 1 0 1 1 0 1 0 1 0 0 0 1 0 1 1 0 1 0 1 1 1 1 0 1 0 0 0 0 1 
1 0 1 1 1 0 0 1 1 1 1 1 1 1 1 0 0 1 0 1 0 1 1 1 1 1 1 0 0 0 0 
1 0 1 1 1 1 0 0 0 1 1 1 0 0 0 1 0 1 1 1 1 0 1 1 1 1 1 0 0 1 1 
1 1 0 0 1 0 1 1 1 1 0 1 0 1 0 1 1 0 0 0 1 1 0 1 1 0 0 0 0 0 0 
1 0 1 0 1 1 1 0 0 0 1 1 1 1 1 1 0 1 0 0 1 0 1 1 0 1 0 0 0 0 0 
0 0 1 0 1 0 1 1 0 0 1 0 0 1 0 0 1 0 1 1 0 1 1 0 1 0 1 1 1 0 0 
1 1 0 1 1 0 1 0 1 0 1 1 0 1 0 0 1 1 1 0 1 0 1 1 0 0 0 1 0 0 0 
0 0 1 0 0 0 1 1 0 1 0 0 0 0 0 0 0 0 0 0 1 0 1 0 1 0 1 1 0 1 1 
0 1 0 0 1 1 1 1 1 0 0 1 1 0 0 0 1 0 1 1 1 0 0 0 1 0 1 0 1 0 0 
1 1 0 0 1 1 0 0 0 1 0 1 1 1 0 0 0 1 0 1 0 1 0 0 0 1 0 0 1 1 1 
1 1 0 0 0 0 0 1 1 1 1 0 0 0 1 0 0 1 1 1 0 1 1 0 0 1 1 1 0 0 1 
1 0 0 0 1 1 1 1 0 0 0 0 0 1 1 0 1 1 0 1 1 1 1 1 0 0 0 1 0 0 0 
0 0 1 0 0 0 1 1 0 1 1 0 1 0 1 0 1 1 0 1 0 0 1 1 1 0 1 0 1 1 0 
0 1 0 1 0 1 0 1 0 0 1 1 0 0 1 1 1 0 0 0 1 0 0 1 0 1 1 1 0 0 1 
0 0 0 1 0 1 1 1 0 0 1 1 1 1 1 1 1 1 0 0 1 0 1 0 1 1 1 1 1 1 0 
1 0 0 0 0 1 0 0 1 0 1 1 0 0 1 1 1 1 1 0 0 0 1 1 0 1 1 1 0 1 0 
0 1 1 1 0 0 0 1 1 1 0 1 0 0 0 0 1 0 0 0 0 0 1 1 0 0 0 1 0 0 0 
0 0 1 1 1 1 1 1 1 1 0 0 1 0 1 0 1 1 1 1 1 1 0 0 0 0 1 0 1 1 1 
1 1 1 0 1 0 1 1 0 1 1 0 1 1 1 0 1 1 0 1 1 1 1 0 0 1 0 0 0 1 1 
0 0 0 1 0 0 0 1 1 0 0 1 1 1 1 1 1 0 1 1 0 0 0 0 1 1 0 0 1 1 0 
1 1 0 1 0 0 0 1 0 0 1 0 1 0 1 1 0 0 0 0 1 1 1 0 0 1 1 0 1 1 1 
0 1 1 1 1 1 0 0 1 0 1 1 1 0 1 0 1 0 1 0 1 1 1 0 0 1 1 0 1 0 1 
1 0 0 0 1 1 1 1 0 1 0 1 0 0 1 1 0 1 1 0 1 1 0 1 0 0 1 0 0 1 0 
0 0 1 0 0 0 0 1 1 0 0 1 0 0 1 0 1 1 1 1 0 0 0 0 0 0 1 1 1 0 0 
1 1 1 0 1 0 0 1 1 1 1 0 1 0 0 1 1 0 0 1 0 1 1 0 1 1 1 1 1 1 0 
1 1 1 1 1 0 0 0 1 0 1 0 0 0 1 0 0 0 1 0 1 0 0 1 0 1 1 1 0 1 1 
1 1 1 1 0 1 0 1 1 1 0 0 1 0 0 0 0 0 0 0 0 1 0 0 0 0 0 0 1 1 0 
0 0 0 1 0 1 1 0 1 0 1 1 1 1 0 1 0 0 0 0 1 1 0 1 0 1 1 0 1 0 1 
1 0 0 0 1 1 1 1 1 0 1 0 1 1 0 1 1 0 1 1 1 0 1 1 0 1 1 1 1 0 0 
1 1 0 1 1 1 1 1 0 1 1 0 1 1 1 0 0 1 1 1 0 1 0 1 0 0 1 0 0 0 1 
1 1 0 1 1 0 0 1 1 0 1 1 0 0 0 1 0 1 1 0 0 1 0 0 0 0 1 1 1 1 0 
0 0 0 1 1 1 1 0 0 1 0 1 1 0 0 0 0 0 0 0 1 1 0 0 0 0 0 1 0 1 1 
1 0 0 1 1 1 1 0 0 0 1 1 0 0 1 0 0 0 0 0 1 0 1 1 1 0 1 1 0 1 0 
1 1 0 1 0 1 0 1 0 1 0 1 1 0 0 1 1 0 0 0 1 1 1 0 1 1 0 1 0 0 0 
0 0 1 0 1 0 0 0 1 1 1 1 0 1 0 1 0 0 1 1 0 1 1 0 1 1 0 1 0 0 1 
1 1 1 0 0 0 0 1 0 1 1 1 0 0 1 1 1 1 1 1 1 1 0 0 1 0 1 0 1 1 1 
0 1 0 0 0 0 1 1 1 0 0 0 1 1 1 0 1 0 0 0 0 1 0 0 0 0 0 1 1 0 0 
1 0 1 0 0 1 0 0 0 1 1 1 0 1 1 1 1 1 0 1 1 0 1 1 1 0 0 1 1 1 0 
0 0 1 0 1 1 1 1 1 0 0 0 0 0 1 0 0 0 1 1 1 0 0 1 0 1 0 0 0 0 0 
1 1 0 0 0 0 1 1 1 0 0 1 1 0 1 1 1 1 1 0 1 0 0 0 1 0 0 1 0 1 0 
1 1 0 0 1 0 0 1 0 0 1 0 1 1 0 1 1 0 1 0 1 1 1 0 0 0 0 1 0 1 0 
0 0 0 0 1 1 0 0 0 1 1 0 1 0 0 1 0 1 0 1 0 1 1 1 1 0 0 1 1 1 1 
0 1 1 0 0 0 0 0 0 1 0 0 1 1 1 1 0 0 1 1 0 0 1 1 1 1 0 1 1 1 0 
0 1 0 1 0 0 0 1 1 0 1 1 1 1 1 1 1 1 0 1 1 1 1 1 1 0 0 1 0 0 0 
0 0 1 0 1 1 0 1 0 0 0 0 0 1 0 1 0 1 1 1 0 0 0 1 1 1 1 1 1 0 1 
0 1 0 1 0 0 0 1 0 0 1 1 1 1 1 0 0 1 1 0 0 0 1 0 1 1 1 0 0 0 1 
1 1 0 0 0 1 1 1 0 1 1 0 1 0 0 0 1 1 0 1 0 1 0 1 0 1 0 1 1 0 0 
0 1 0 0 1 0 0 1 0 0 1 1 1 0 0 0 1 1 0 0 0 0 1 0 1 0 0 1 1 0 0 
0 1 0 1 0 0 0 1 1 1 1 0 1 0 1 0 0 1 1 0 1 1 0 1 1 0 1 0 0 1 0 
1 0 1 1 0 0 1 1 1 0 1 1 0 1 1 0 1 1 0 0 0 1 1 1 0 0 1 1 1 1 0 
0 0 1 0 0 0 0 0 0 0 1 1 1 0 1 0 1 1 1 0 1 1 1 0 1 0 1 1 0 1 0 
1 1 1 0 0 0 1 0 0 0 1 0 0 0 1 1 1 1 0 0 0 0 0 1 1 0 1 1 0 1 1 
1 0 1 0 1 1 1 0 0 1 1 0 1 0 1 0 1 1 1 1 1 0 0 1 0 1 1 1 0 1 0 
0 0 1 1 0 0 0 0 1 0 1 0 0 1 1 0 0 0 1 0 0 1 0 0 1 0 0 1 1 1 0 
0 0 1 0 1 1 0 0 1 0 1 0 1 1 0 1 0 1 1 0 1 1 1 1 0 1 1 1 0 1 1 
0 0 1 0 1 1 0 0 1 1 0 1 0 0 1 0 0 0 0 0 0 1 0 0 0 1 0 1 1 0 0 
1 0 0 0 0 1 0 0 0 0 1 1 0 0 1 0 0 1 0 1 1 1 1 0 0 0 0 0 0 1 1 
0 1 0 1 1 0 1 1 0 0 1 0 0 0 1 1 0 1 0 0 0 0 0 0 0 0 0 0 1 0 1 
1 0 0 1 1 1 1 0 1 1 1 0 0 1 1 0 0 0 0 0 0 1 0 0 1 1 1 1 0 0 1 
0 0 0 1 0 1 0 0 0 1 0 0 0 1 0 1 0 0 1 0 1 1 1 0 1 1 1 1 1 1 1 
0 0 0 0 0 0 1 1 0 0 0 0 0 1 0 1 1 0 0 0 1 1 1 1 0 0 1 0 1 1 0 
1 1 0 1 1 0 0 0 1 1 0 0 1 1 0 1 0 1 1 1 0 1 0 1 1 1 1 1 0 1 1 
1 0 1 1 1 1 1 1 1 0 1 0 0 0 0 0 1 1 1 1 1 0 1 1 1 0 0 0 1 1 0 
1 1 0 0 1 1 0 1 1 1 0 1 1 1 1 0 1 0 0 1 0 0 1 1 1 1 0 1 1 0 0 
0 1 1 0 0 1 1 0 1 0 1 1 1 0 1 0 1 1 1 1 1 0 1 1 1 1 0 1 1 0 0 


; Maximum HD = 101, Minimum HD = 62 
; Maximum Row HD = 31, Minimum Row HD = 11 
