0 0 1 0 1 0 0 0 0 0 1 0 0 0 0 
1 1 0 1 1 1 0 0 1 1 1 0 1 0 1 
0 0 1 0 0 0 1 0 0 0 1 0 1 0 0 
1 1 0 1 0 0 1 1 0 1 1 1 1 0 0 
1 0 1 1 0 1 1 1 1 1 0 1 0 1 0 
1 1 1 1 1 0 0 0 1 0 1 1 0 0 0 
0 0 0 0 0 1 0 0 0 0 1 1 1 0 0 
1 1 0 1 0 0 0 1 0 1 0 1 0 1 1 
0 1 1 1 0 0 0 1 1 1 0 1 0 1 1 
0 1 0 0 1 0 1 0 0 1 1 0 0 0 0 
1 1 1 1 1 0 1 0 1 1 1 1 1 0 1 
1 0 1 0 1 0 1 0 1 0 0 0 1 0 0 
1 1 0 0 0 0 0 0 0 1 0 0 0 0 1 
1 0 0 1 0 1 0 1 0 1 1 0 0 0 1 
0 1 1 0 0 0 1 1 1 0 0 0 0 1 1 
0 1 0 0 0 1 1 1 1 1 0 1 1 1 0 
0 1 0 0 0 0 1 1 0 0 1 0 1 1 0 
1 0 0 0 1 0 0 1 0 1 1 0 0 1 1 
1 0 0 1 0 1 0 1 1 0 1 0 1 0 1 
0 0 1 0 1 1 0 0 0 1 1 1 1 1 0 
0 1 0 1 0 0 0 1 1 1 0 1 0 0 0 
1 1 0 1 1 0 0 0 1 0 0 0 0 1 0 
1 0 1 0 0 0 1 1 1 1 0 0 0 1 0 
0 0 0 0 1 0 0 0 0 0 1 0 0 1 1 
1 1 0 0 0 1 1 1 0 1 1 0 1 0 0 
1 1 1 0 0 0 1 1 1 1 0 0 1 0 0 
0 0 0 1 1 0 0 1 1 1 1 1 1 0 1 
1 1 0 0 0 0 1 0 1 0 0 1 0 1 1 
0 1 1 0 1 0 1 1 0 1 1 0 1 0 0 
1 1 1 0 1 0 0 0 1 0 0 1 1 0 0 
1 1 0 0 1 0 0 1 1 1 0 0 0 1 1 
1 0 0 0 1 0 0 0 0 1 1 0 1 0 0 
0 1 0 0 0 0 0 0 0 0 0 0 1 1 0 
1 0 0 0 0 0 0 1 0 0 0 1 0 1 1 
0 0 1 0 1 1 1 0 0 1 1 0 0 0 0 
0 1 1 0 0 0 1 0 1 0 1 1 1 0 1 
0 1 1 0 0 1 1 1 0 1 1 1 0 1 1 
0 0 1 1 1 1 1 1 1 1 0 1 1 0 0 
1 1 1 1 0 1 0 0 0 1 0 1 0 1 0 
1 0 0 1 0 0 1 0 1 1 1 0 0 1 0 
1 0 1 0 0 0 1 0 0 1 0 1 0 1 0 
0 0 1 1 1 1 1 0 0 1 1 1 1 0 1 
1 1 1 1 0 1 0 0 0 0 0 0 0 0 1 
0 1 1 0 1 1 1 1 0 0 1 1 0 1 0 
0 1 1 0 1 0 0 0 0 1 0 0 1 0 0 
1 1 1 0 0 0 1 0 1 0 0 1 0 0 0 
0 0 0 1 0 0 0 0 1 0 0 0 0 1 0 
1 0 1 1 0 0 0 0 0 0 1 1 0 1 1 
1 0 0 1 0 0 0 0 1 0 0 1 1 1 0 
1 0 0 0 1 1 1 1 1 1 0 1 1 1 0 
0 1 1 1 1 1 1 1 0 1 0 0 1 0 1 
1 1 1 1 1 0 1 1 1 1 1 1 0 1 0 
0 0 0 1 1 0 0 1 0 0 0 0 0 0 0 
0 0 1 0 0 1 1 1 1 0 1 1 0 0 1 
0 0 1 0 0 1 1 1 0 0 0 1 1 1 1 
1 0 1 1 1 0 1 1 0 0 0 0 0 0 1 
0 1 1 0 1 1 0 1 1 0 1 1 0 1 1 
0 0 1 1 1 0 0 0 1 1 0 0 0 0 0 
0 1 1 1 0 0 0 0 1 1 1 0 1 0 1 
0 1 1 1 0 0 0 1 0 0 1 0 1 1 0 
0 0 0 1 1 0 1 0 0 1 1 1 0 1 1 
0 1 1 1 1 1 0 0 1 0 0 1 0 0 0 
0 0 0 1 1 1 1 1 0 0 1 0 0 1 0 
0 0 1 0 0 1 0 1 1 1 1 1 1 0 0 
1 1 1 1 0 0 0 1 1 0 1 0 1 0 1 
0 0 0 0 0 0 0 0 1 1 0 0 1 0 0 
1 0 1 0 1 1 1 1 0 0 1 0 0 0 0 
1 1 0 1 0 0 1 0 1 1 0 1 1 0 1 
0 1 0 1 0 0 0 0 1 1 0 1 1 1 1 
0 0 0 0 0 0 1 1 0 0 0 1 0 0 1 
1 1 1 0 1 1 0 1 0 1 0 1 0 1 0 
1 1 1 1 0 1 1 0 0 1 0 0 1 0 0 
1 1 0 0 0 0 0 0 1 0 0 0 1 0 1 
1 1 0 1 0 1 0 0 0 0 0 0 0 1 0 
0 0 1 1 0 0 1 0 1 0 1 0 1 1 0 
1 0 0 0 1 1 0 0 1 0 1 0 1 0 1 
1 0 1 1 1 0 0 1 0 1 1 1 1 0 1 
0 0 1 0 0 1 0 1 1 0 0 1 1 1 0 
1 0 0 0 0 1 0 0 0 1 1 1 0 1 1 
1 0 0 1 0 1 0 0 0 1 1 0 1 1 0 
1 0 0 0 1 1 1 1 0 0 0 1 0 1 0 
1 1 1 0 0 1 0 0 1 0 0 0 0 1 1 
0 0 1 0 1 1 1 0 0 1 0 1 0 0 1 
1 1 1 1 1 1 0 0 1 1 1 0 1 1 0 
1 1 1 0 0 0 1 0 1 1 1 1 0 1 0 
0 0 0 1 0 1 0 0 1 1 0 1 1 0 0 
1 1 0 1 1 1 0 0 0 0 1 0 0 0 1 
1 1 0 1 1 0 0 1 1 1 0 1 1 1 0 
0 1 1 0 1 0 1 1 0 0 1 1 1 1 1 
0 1 0 0 0 1 1 1 1 1 1 0 1 1 1 
1 1 1 1 0 0 1 0 0 0 0 1 0 1 0 
0 0 1 0 1 0 0 1 0 1 1 1 1 0 0 
1 0 0 0 1 1 1 1 0 1 0 0 0 0 1 
1 0 0 1 0 1 1 1 1 1 1 0 0 0 0 
0 0 0 1 1 0 1 1 1 1 1 0 0 1 1 
1 1 0 1 1 1 0 1 1 0 0 0 0 0 0 
0 1 1 1 1 0 1 1 0 1 0 0 0 0 0 
1 0 0 1 0 1 1 0 1 0 1 1 1 0 0 
0 1 0 1 1 0 1 1 0 0 0 1 0 0 0 
1 1 1 0 1 0 1 0 1 0 1 1 0 1 1 
0 1 1 1 1 0 0 0 1 0 1 0 1 0 0 
1 1 1 0 0 1 0 0 0 1 0 0 1 1 1 
0 0 0 0 0 1 1 0 0 1 1 1 0 0 1 
0 0 1 1 1 1 1 1 0 0 0 1 0 0 0 
1 1 1 0 0 0 1 1 1 0 1 0 1 1 0 
0 1 0 0 1 0 0 1 0 1 1 1 0 0 1 
1 1 0 1 1 0 1 0 1 1 1 1 1 1 0 
1 0 0 1 0 0 1 1 0 1 1 1 0 1 0 
1 0 0 1 0 0 1 1 0 0 0 1 0 0 0 
1 0 0 1 1 1 0 0 0 0 1 0 1 1 1 
1 1 1 0 1 1 1 0 0 1 0 0 0 1 1 
1 0 1 1 0 0 0 0 1 1 0 0 1 1 0 
1 1 1 1 1 1 1 0 0 1 1 0 1 1 1 
0 1 0 0 1 1 1 0 0 1 1 0 1 0 1 
0 0 1 0 1 1 0 1 0 0 1 0 0 1 0 
0 1 1 0 0 0 0 0 0 0 1 1 1 0 0 
0 1 1 1 0 1 1 0 1 1 1 1 1 1 0 
1 1 1 1 1 0 0 1 0 1 1 1 0 1 1 
0 0 1 0 0 1 0 0 0 0 0 0 1 1 0 
1 0 1 0 1 1 0 1 0 1 1 0 1 0 1 
0 0 0 1 1 0 1 1 0 1 1 1 1 0 0 
1 1 0 0 0 1 0 1 0 0 1 0 0 0 1 
1 0 1 1 0 1 0 0 0 0 1 1 1 1 0 
1 1 1 1 1 1 0 0 0 0 0 1 0 1 1 
1 0 1 0 1 0 1 1 1 0 1 1 0 1 0 
0 0 0 1 1 1 1 0 1 1 0 1 0 0 0 
0 1 0 0 0 1 1 0 1 1 0 1 0 0 1 
0 0 1 1 1 1 0 0 1 0 1 0 1 1 1 
1 1 1 0 0 1 0 0 0 0 0 1 1 0 0 
1 0 1 1 1 0 1 1 1 0 0 1 1 1 0 
0 1 0 0 1 0 0 1 0 1 0 0 0 0 0 
1 0 1 0 1 0 0 0 1 0 0 1 0 1 0 
0 1 0 1 1 1 1 0 0 0 0 1 0 1 0 
1 0 0 0 0 1 1 1 1 0 0 1 1 1 1 
0 0 1 0 0 0 1 1 1 1 0 1 1 1 0 
1 0 0 1 1 1 1 1 1 0 0 1 0 0 0 
1 1 0 1 0 0 0 1 1 1 1 1 1 0 1 
1 0 1 1 0 0 1 0 1 1 1 0 0 0 1 
0 1 1 0 0 1 0 1 0 1 0 1 1 0 0 
0 0 0 1 0 0 1 0 1 0 0 1 1 0 0 
1 0 0 0 1 1 0 1 1 0 1 0 0 1 0 
0 1 0 1 0 1 1 1 0 0 1 1 1 1 0 
0 0 0 1 1 1 1 0 1 0 1 1 0 1 0 
1 1 0 0 0 0 0 1 1 0 1 1 0 1 1 
0 1 1 0 1 0 0 1 0 1 1 1 0 1 0 
1 1 1 1 0 1 0 0 1 0 0 1 1 1 0 
1 0 1 0 1 1 1 1 0 1 1 1 0 1 1 
1 0 1 1 0 1 0 0 0 1 0 1 1 0 0 
1 0 1 1 1 1 1 0 0 0 0 0 0 1 1 
0 1 1 0 0 0 0 0 0 0 0 0 1 0 1 
1 0 0 1 0 1 0 0 1 1 1 1 0 0 1 
0 0 1 0 1 1 1 0 1 1 1 1 1 1 1 
1 1 1 0 1 1 1 1 0 0 1 0 1 1 0 
1 1 1 1 0 1 0 1 1 1 1 1 0 1 1 
1 1 0 0 1 0 1 1 1 0 0 0 1 1 0 
1 0 0 1 0 0 1 1 1 1 0 1 1 0 0 
0 1 0 1 1 0 1 1 1 1 0 1 1 0 0 


; Maximum HD = 90, Minimum HD = 66 
; Maximum Row HD = 15, Minimum Row HD = 3 
