1 1 0 1 0 0 1 1 1 1 0 1 0 1 0 
1 1 1 1 0 0 0 1 0 0 1 1 0 1 0 
0 1 1 1 1 0 1 0 1 0 1 1 0 1 0 
0 0 1 1 1 1 1 1 0 1 1 1 0 1 0 
1 0 1 1 0 1 0 0 1 1 1 1 0 1 0 
0 1 1 1 0 0 1 0 0 0 0 0 1 1 0 
1 1 1 1 1 0 0 1 1 0 0 0 1 1 0 
1 0 1 1 1 1 0 0 0 1 0 0 1 1 0 
0 0 1 1 0 1 1 1 1 1 0 0 1 1 0 
0 0 0 1 0 1 0 1 0 0 1 0 1 1 0 
1 0 0 1 1 1 1 0 1 0 1 0 1 1 0 
1 1 0 1 1 0 1 1 0 1 1 0 1 1 0 
0 1 0 1 0 0 0 0 1 1 1 0 1 1 0 
1 1 0 0 1 0 1 0 0 0 0 1 1 1 0 
0 1 0 0 0 0 0 1 1 0 0 1 1 1 0 
0 0 0 0 0 1 0 0 0 1 0 1 1 1 0 
1 0 0 0 1 1 1 1 1 1 0 1 1 1 0 
1 0 1 0 1 1 0 1 0 0 1 1 1 1 0 
0 0 1 0 0 1 1 0 1 0 1 1 1 1 0 
0 1 1 0 0 0 1 1 0 1 1 1 1 1 0 
1 1 1 0 1 0 0 0 1 1 1 1 1 1 0 
0 0 0 1 0 1 1 1 0 0 0 0 0 0 1 
1 0 0 1 1 1 0 0 1 0 0 0 0 0 1 
1 1 0 1 1 0 0 1 0 1 0 0 0 0 1 
0 1 0 1 0 0 1 0 1 1 0 0 0 0 1 
0 1 1 1 0 0 0 0 0 0 1 0 0 0 1 
1 1 1 1 1 0 1 1 1 0 1 0 0 0 1 
1 0 1 1 1 1 1 0 0 1 1 0 0 0 1 
0 0 1 1 0 1 0 1 1 1 1 0 0 0 1 
1 0 1 0 1 1 1 1 0 0 0 1 0 0 1 
0 0 1 0 0 1 0 0 1 0 0 1 0 0 1 
0 1 1 0 0 0 0 1 0 1 0 1 0 0 1 
1 1 1 0 1 0 1 0 1 1 0 1 0 0 1 
1 1 0 0 1 0 0 0 0 0 1 1 0 0 1 
0 1 0 0 0 0 1 1 1 0 1 1 0 0 1 
0 0 0 0 0 1 1 0 0 1 1 1 0 0 1 
1 0 0 0 1 1 0 1 1 1 1 1 0 0 1 
0 1 0 0 1 0 1 1 0 0 0 0 1 0 1 
1 1 0 0 0 0 0 0 1 0 0 0 1 0 1 
1 0 0 0 0 1 0 1 0 1 0 0 1 0 1 
0 0 0 0 1 1 1 0 1 1 0 0 1 0 1 
0 0 1 0 1 1 0 0 0 0 1 0 1 0 1 
1 0 1 0 0 1 1 1 1 0 1 0 1 0 1 
1 1 1 0 0 0 1 0 0 1 1 0 1 0 1 
0 1 1 0 1 0 0 1 1 1 1 0 1 0 1 
1 1 1 1 0 0 1 1 0 0 0 1 1 0 1 
0 1 1 1 1 0 0 0 1 0 0 1 1 0 1 
0 0 1 1 1 1 0 1 0 1 0 1 1 0 1 
1 0 1 1 0 1 1 0 1 1 0 1 1 0 1 
1 0 0 1 0 1 0 0 0 0 1 1 1 0 1 
0 0 0 1 1 1 1 1 1 0 1 1 1 0 1 
0 1 0 1 1 0 1 0 0 1 1 1 1 0 1 
1 1 0 1 0 0 0 1 1 1 1 1 1 0 1 
0 0 1 1 1 0 0 1 0 0 0 0 0 1 1 
1 0 1 1 0 0 1 0 1 0 0 0 0 1 1 
1 1 1 1 0 1 1 1 0 1 0 0 0 1 1 
0 1 1 1 1 1 0 0 1 1 0 0 0 1 1 
0 1 0 1 1 1 1 0 0 0 1 0 0 1 1 
1 1 0 1 0 1 0 1 1 0 1 0 0 1 1 
1 0 0 1 0 0 0 0 0 1 1 0 0 1 1 
0 0 0 1 1 0 1 1 1 1 1 0 0 1 1 
1 0 0 0 0 0 0 1 0 0 0 1 0 1 1 
0 0 0 0 1 0 1 0 1 0 0 1 0 1 1 
0 1 0 0 1 1 1 1 0 1 0 1 0 1 1 
1 1 0 0 0 1 0 0 1 1 0 1 0 1 1 
1 1 1 0 0 1 1 0 0 0 1 1 0 1 1 
0 1 1 0 1 1 0 1 1 0 1 1 0 1 1 
0 0 1 0 1 0 0 0 0 1 1 1 0 1 1 
1 0 1 0 0 0 1 1 1 1 1 1 0 1 1 
0 1 1 0 0 1 0 1 0 0 0 0 1 1 1 
1 1 1 0 1 1 1 0 1 0 0 0 1 1 1 
1 0 1 0 1 0 1 1 0 1 0 0 1 1 1 
0 0 1 0 0 0 0 0 1 1 0 0 1 1 1 
0 0 0 0 0 0 1 0 0 0 1 0 1 1 1 
1 0 0 0 1 0 0 1 1 0 1 0 1 1 1 
1 1 0 0 1 1 0 0 0 1 1 0 1 1 1 
0 1 0 0 0 1 1 1 1 1 1 0 1 1 1 
1 1 0 1 1 1 0 1 0 0 0 1 1 1 1 
0 1 0 1 0 1 1 0 1 0 0 1 1 1 1 
0 0 0 1 0 0 1 1 0 1 0 1 1 1 1 
1 0 0 1 1 0 0 0 1 1 0 1 1 1 1 
1 0 1 1 1 0 1 0 0 0 1 1 1 1 1 
0 0 1 1 0 0 0 1 1 0 1 1 1 1 1 
0 1 1 1 0 1 0 0 0 1 1 1 1 1 1 
1 1 1 1 1 1 1 1 1 1 1 1 1 1 1 


; Maximum HD = 53, Minimum HD = 37 
; Maximum row HD = 15, Minimum row HD = 5 
