1 1 0 1 0 0 1 0 0 0 1 0 0 1 1 0 0 1 0 1 0 1 0 0 0 0 0 0 1 1 1 1 1 0 1 1 1 1 0 0 1 1 1 0 1 0 1 1 0 0 0 0 1 0 1 1 1 0 0 0 1 1 0 
0 1 1 1 0 1 0 1 1 0 0 0 0 1 0 1 1 1 0 0 0 1 1 0 1 1 0 1 0 0 1 0 0 0 1 0 0 1 1 0 0 1 0 1 0 1 0 0 0 0 0 0 1 1 1 1 1 0 1 1 1 1 0 
1 1 0 0 1 0 0 1 0 1 1 0 1 1 1 0 1 1 0 0 1 1 0 1 0 1 0 1 1 1 1 1 1 0 0 0 0 0 1 0 0 0 0 1 1 0 0 0 1 0 1 0 0 1 1 1 1 0 1 0 0 0 1 
1 0 0 0 1 1 0 1 1 0 1 0 0 1 0 0 0 1 0 0 1 1 0 0 1 0 1 0 1 0 0 0 0 0 0 1 1 1 1 1 0 1 1 1 1 0 0 1 1 1 0 1 0 1 1 0 0 0 0 1 0 1 1 
0 0 0 0 0 1 0 0 0 0 1 1 0 0 0 1 0 1 0 0 1 1 1 1 0 1 0 0 0 1 1 1 0 0 1 0 0 1 0 1 1 0 1 1 1 0 1 1 0 0 1 1 0 1 0 1 0 1 1 1 1 1 1 
0 1 1 0 0 0 0 1 0 1 1 1 0 0 0 1 1 0 1 1 0 1 0 0 1 0 0 0 1 0 0 1 1 0 0 1 0 1 0 1 0 0 0 0 0 0 1 1 1 1 1 0 1 1 1 1 0 0 1 1 1 0 1 
0 0 1 1 0 0 0 1 0 1 0 0 1 1 1 1 0 1 0 0 0 1 1 1 0 0 1 0 0 1 0 1 1 0 1 1 1 0 1 1 0 0 1 1 0 1 0 1 0 1 1 1 1 1 1 0 0 0 0 0 1 0 0 
0 0 1 0 0 1 0 1 1 0 1 1 1 0 1 1 0 0 1 1 0 1 0 1 0 1 1 1 1 1 1 0 0 0 0 0 1 0 0 0 0 1 1 0 0 0 1 0 1 0 0 1 1 1 1 0 1 0 0 0 1 1 1 
0 0 1 0 1 1 1 0 0 0 1 1 0 1 1 0 1 0 0 1 0 0 0 1 0 0 1 1 0 0 1 0 1 0 1 0 0 0 0 0 0 1 1 1 1 1 0 1 1 1 1 0 0 1 1 1 0 1 0 1 1 0 0 
1 0 1 1 1 1 1 1 0 0 0 0 0 1 0 0 0 0 1 1 0 0 0 1 0 1 0 0 1 1 1 1 0 1 0 0 0 1 1 1 0 0 1 0 0 1 0 1 1 0 1 1 1 0 1 1 0 0 1 1 0 1 0 
0 0 0 1 1 1 1 1 0 1 1 1 1 0 0 1 1 1 0 1 0 1 1 0 0 0 0 1 0 1 1 1 0 0 0 1 1 0 1 1 0 1 0 0 1 0 0 0 1 0 0 1 1 0 0 1 0 1 0 1 0 0 0 
0 1 1 1 1 1 1 0 0 0 0 0 1 0 0 0 0 1 1 0 0 0 1 0 1 0 0 1 1 1 1 0 1 0 0 0 1 1 1 0 0 1 0 0 1 0 1 1 0 1 1 1 0 1 1 0 0 1 1 0 1 0 1 
1 1 1 1 0 0 1 1 1 0 1 0 1 1 0 0 0 0 1 0 1 1 1 0 0 0 1 1 0 1 1 0 1 0 0 1 0 0 0 1 0 0 1 1 0 0 1 0 1 0 1 0 0 0 0 0 0 1 1 1 1 1 0 
0 1 0 0 1 0 1 1 0 1 1 1 0 1 1 0 0 1 1 0 1 0 1 0 1 1 1 1 1 1 0 0 0 0 0 1 0 0 0 0 1 1 0 0 0 1 0 1 0 0 1 1 1 1 0 1 0 0 0 1 1 1 0 
0 0 1 1 1 1 1 0 1 1 1 1 0 0 1 1 1 0 1 0 1 1 0 0 0 0 1 0 1 1 1 0 0 0 1 1 0 1 1 0 1 0 0 1 0 0 0 1 0 0 1 1 0 0 1 0 1 0 1 0 0 0 0 
1 1 1 0 0 0 0 0 1 0 0 0 0 1 1 0 0 0 1 0 1 0 0 1 1 1 1 0 1 0 0 0 1 1 1 0 0 1 0 0 1 0 1 1 0 1 1 1 0 1 1 0 0 1 1 0 1 0 1 0 1 1 1 
0 0 1 1 1 0 0 1 0 0 1 0 1 1 0 1 1 1 0 1 1 0 0 1 1 0 1 0 1 0 1 1 1 1 1 1 0 0 0 0 0 1 0 0 0 0 1 1 0 0 0 1 0 1 0 0 1 1 1 1 0 1 0 


; Maximum HD = 14, Minimum HD = 5 
; Maximum row HD = 63, Minimum row HD = 31 
