1 0 1 0 1 1 1 1 1 1 0 0 0 0 0 1 0 0 0 0 1 1 0 0 0 1 0 1 0 0 1 1 1 1 0 1 0 0 0 1 1 1 0 0 1 0 0 1 0 1 1 0 1 1 1 0 1 1 0 0 1 1 0 
0 0 0 1 1 1 0 0 1 0 0 1 0 1 1 0 1 1 1 0 1 1 0 0 1 1 0 1 0 1 0 1 1 1 1 1 1 0 0 0 0 0 1 0 0 0 0 1 1 0 0 0 1 0 1 0 0 1 1 1 1 0 1 
0 1 1 1 1 1 0 1 1 1 1 0 0 1 1 1 0 1 0 1 1 0 0 0 0 1 0 1 1 1 0 0 0 1 1 0 1 1 0 1 0 0 1 0 0 0 1 0 0 1 1 0 0 1 0 1 0 1 0 0 0 0 0 
1 1 1 1 1 0 0 0 0 0 1 0 0 0 0 1 1 0 0 0 1 0 1 0 0 1 1 1 1 0 1 0 0 0 1 1 1 0 0 1 0 0 1 0 1 1 0 1 1 1 0 1 1 0 0 1 1 0 1 0 1 0 1 
1 0 0 1 1 0 1 0 1 0 1 1 1 1 1 1 0 0 0 0 0 1 0 0 0 0 1 1 0 0 0 1 0 1 0 0 1 1 1 1 0 1 0 0 0 1 1 1 0 0 1 0 0 1 0 1 1 0 1 1 1 0 1 
1 1 1 1 1 0 1 1 1 1 0 0 1 1 1 0 1 0 1 1 0 0 0 0 1 0 1 1 1 0 0 0 1 1 0 1 1 0 1 0 0 1 0 0 0 1 0 0 1 1 0 0 1 0 1 0 1 0 0 0 0 0 0 
0 1 0 0 1 0 1 1 0 1 1 1 0 1 1 0 0 1 1 0 1 0 1 0 1 1 1 1 1 1 0 0 0 0 0 1 0 0 0 0 1 1 0 0 0 1 0 1 0 0 1 1 1 1 0 1 0 0 0 1 1 1 0 
0 0 0 1 1 0 1 1 0 1 0 0 1 0 0 0 1 0 0 1 1 0 0 1 0 1 0 1 0 0 0 0 0 0 1 1 1 1 1 0 1 1 1 1 0 0 1 1 1 0 1 0 1 1 0 0 0 0 1 0 1 1 1 
0 0 1 0 0 0 1 0 0 1 1 0 0 1 0 1 0 1 0 0 0 0 0 0 1 1 1 1 1 0 1 1 1 1 0 0 1 1 1 0 1 0 1 1 0 0 0 0 1 0 1 1 1 0 0 0 1 1 0 1 1 0 1 
0 1 1 1 0 1 1 0 0 1 1 0 1 0 1 0 1 1 1 1 1 1 0 0 0 0 0 1 0 0 0 0 1 1 0 0 0 1 0 1 0 0 1 1 1 1 0 1 0 0 0 1 1 1 0 0 1 0 0 1 0 1 1 
1 0 1 0 1 0 0 0 0 0 0 1 1 1 1 1 0 1 1 1 1 0 0 1 1 1 0 1 0 1 1 0 0 0 0 1 0 1 1 1 0 0 0 1 1 0 1 1 0 1 0 0 1 0 0 0 1 0 0 1 1 0 0 
0 0 0 0 1 1 1 1 1 0 1 1 1 1 0 0 1 1 1 0 1 0 1 1 0 0 0 0 1 0 1 1 1 0 0 0 1 1 0 1 1 0 1 0 0 1 0 0 0 1 0 0 1 1 0 0 1 0 1 0 1 0 0 
1 0 0 1 0 0 0 1 0 0 1 1 0 0 1 0 1 0 1 0 0 0 0 0 0 1 1 1 1 1 0 1 1 1 1 0 0 1 1 1 0 1 0 1 1 0 0 0 0 1 0 1 1 1 0 0 0 1 1 0 1 1 0 
0 0 0 0 0 0 0 0 0 0 0 0 0 0 0 0 0 0 0 0 0 0 0 0 0 0 0 0 0 0 0 0 0 0 0 0 0 0 0 0 0 0 0 0 0 0 0 0 0 0 0 0 0 0 0 0 0 0 0 0 0 0 0 
0 0 1 1 1 1 0 1 0 0 0 1 1 1 0 0 1 0 0 1 0 1 1 0 1 1 1 0 1 1 0 0 1 1 0 1 0 1 0 1 1 1 1 1 1 0 0 0 0 0 1 0 0 0 0 1 1 0 0 0 1 0 1 
1 1 0 1 0 1 1 0 0 0 0 1 0 1 1 1 0 0 0 1 1 0 1 1 0 1 0 0 1 0 0 0 1 0 0 1 1 0 0 1 0 1 0 1 0 0 0 0 0 0 1 1 1 1 1 0 1 1 1 1 0 0 1 
0 0 1 0 0 1 1 0 0 1 0 1 0 1 0 0 0 0 0 0 1 1 1 1 1 0 1 1 1 1 0 0 1 1 1 0 1 0 1 1 0 0 0 0 1 0 1 1 1 0 0 0 1 1 0 1 1 0 1 0 0 1 0 
0 0 0 1 0 1 1 1 0 0 0 1 1 0 1 1 0 1 0 0 1 0 0 0 1 0 0 1 1 0 0 1 0 1 0 1 0 0 0 0 0 0 1 1 1 1 1 0 1 1 1 1 0 0 1 1 1 0 1 0 1 1 0 
0 0 1 0 1 0 1 0 0 0 0 0 0 1 1 1 1 1 0 1 1 1 1 0 0 1 1 1 0 1 0 1 1 0 0 0 0 1 0 1 1 1 0 0 0 1 1 0 1 1 0 1 0 0 1 0 0 0 1 0 0 1 1 
1 1 1 0 0 0 1 1 0 1 1 0 1 0 0 1 0 0 0 1 0 0 1 1 0 0 1 0 1 0 1 0 0 0 0 0 0 1 1 1 1 1 0 1 1 1 1 0 0 1 1 1 0 1 0 1 1 0 0 0 0 1 0 
1 1 1 1 0 1 0 0 0 1 1 1 0 0 1 0 0 1 0 1 1 0 1 1 1 0 1 1 0 0 1 1 0 1 0 1 0 1 1 1 1 1 1 0 0 0 0 0 1 0 0 0 0 1 1 0 0 0 1 0 1 0 0 
1 1 1 1 1 1 0 0 0 0 0 1 0 0 0 0 1 1 0 0 0 1 0 1 0 0 1 1 1 1 0 1 0 0 0 1 1 1 0 0 1 0 0 1 0 1 1 0 1 1 1 0 1 1 0 0 1 1 0 1 0 1 0 
1 1 0 1 0 0 0 1 1 1 0 0 1 0 0 1 0 1 1 0 1 1 1 0 1 1 0 0 1 1 0 1 0 1 0 1 1 1 1 1 1 0 0 0 0 0 1 0 0 0 0 1 1 0 0 0 1 0 1 0 0 1 1 
1 0 1 1 1 0 0 0 1 1 0 1 1 0 1 0 0 1 0 0 0 1 0 0 1 1 0 0 1 0 1 0 1 0 0 0 0 0 0 1 1 1 1 1 0 1 1 1 1 0 0 1 1 1 0 1 0 1 1 0 0 0 0 
0 0 1 0 0 0 0 1 1 0 0 0 1 0 1 0 0 1 1 1 1 0 1 0 0 0 1 1 1 0 0 1 0 0 1 0 1 1 0 1 1 1 0 1 1 0 0 1 1 0 1 0 1 0 1 1 1 1 1 1 0 0 0 
1 1 1 1 0 1 1 1 1 0 0 1 1 1 0 1 0 1 1 0 0 0 0 1 0 1 1 1 0 0 0 1 1 0 1 1 0 1 0 0 1 0 0 0 1 0 0 1 1 0 0 1 0 1 0 1 0 0 0 0 0 0 1 
1 1 0 1 1 1 1 0 0 1 1 1 0 1 0 1 1 0 0 0 0 1 0 1 1 1 0 0 0 1 1 0 1 1 0 1 0 0 1 0 0 0 1 0 0 1 1 0 0 1 0 1 0 1 0 0 0 0 0 0 1 1 1 


; Maximum HD = 18, Minimum HD = 8 
; Maximum row HD = 63, Minimum row HD = 31 
