1 0 1 0 0 1 0 0 0 1 1 1 0 0 0 
0 0 1 0 1 0 1 1 1 0 0 1 1 1 1 
0 1 1 0 0 0 1 1 1 1 0 1 0 0 0 
1 0 1 1 1 0 0 1 1 1 1 0 0 1 0 
1 0 0 1 0 1 0 1 1 0 0 1 1 0 0 
0 0 0 0 0 0 1 0 0 1 0 0 1 0 1 
1 1 1 1 0 0 1 0 1 1 1 0 1 1 1 
0 1 1 1 0 0 1 0 0 1 0 1 1 0 1 
1 0 1 1 1 0 0 0 0 1 0 0 0 1 1 
1 0 1 1 0 0 0 1 0 1 1 0 1 1 1 
1 0 1 0 1 0 1 0 1 1 1 0 1 1 0 
1 0 0 1 0 0 1 1 0 0 1 0 0 0 1 
0 0 1 0 1 0 0 1 0 0 1 0 1 1 1 
1 1 0 1 1 1 0 0 0 1 0 0 0 1 1 
0 0 1 0 0 0 0 0 1 0 1 0 1 0 1 
1 1 0 1 1 0 1 0 0 1 1 0 0 0 1 
0 1 0 1 1 1 0 0 0 0 1 1 1 0 1 
0 0 1 0 0 0 1 1 1 0 1 1 1 0 0 
1 0 0 1 1 0 1 0 0 0 1 1 1 0 0 
1 0 0 1 1 0 1 0 1 1 0 0 0 0 1 
0 0 1 0 1 0 0 0 0 0 1 0 0 0 0 
1 1 0 1 1 1 0 0 1 1 1 0 1 0 1 
0 0 1 0 0 0 1 0 0 0 1 0 1 0 0 
1 1 0 1 0 0 1 1 0 1 1 1 1 0 0 
1 0 1 1 0 1 1 1 1 1 0 1 0 1 0 
1 1 1 1 1 0 0 0 1 0 1 1 0 0 0 
0 0 0 0 0 1 0 0 0 0 1 1 1 0 0 
1 1 0 1 0 0 0 1 0 1 0 1 0 1 1 
0 1 1 1 0 0 0 1 1 1 0 1 0 1 1 
0 1 0 0 1 0 1 0 0 1 1 0 0 0 0 
1 1 1 1 1 0 1 0 1 1 1 1 1 0 1 
1 0 1 0 1 0 1 0 1 0 0 0 1 0 0 
1 1 0 0 0 0 0 0 0 1 0 0 0 0 1 
1 0 0 1 0 1 0 1 0 1 1 0 0 0 1 
0 1 1 0 0 0 1 1 1 0 0 0 0 1 1 
0 1 0 0 0 1 1 1 1 1 0 1 1 1 0 
0 1 0 0 0 0 1 1 0 0 1 0 1 1 0 
1 0 0 0 1 0 0 1 0 1 1 0 0 1 1 
1 0 0 1 0 1 0 1 1 0 1 0 1 0 1 
0 0 1 0 1 1 0 0 0 1 1 1 1 1 0 
0 1 0 1 0 0 0 1 1 1 0 1 0 0 0 
1 1 0 1 1 0 0 0 1 0 0 0 0 1 0 
1 0 1 0 0 0 1 1 1 1 0 0 0 1 0 
0 0 0 0 1 0 0 0 0 0 1 0 0 1 1 
1 1 0 0 0 1 1 1 0 1 1 0 1 0 0 
1 1 1 0 0 0 1 1 1 1 0 0 1 0 0 
0 0 0 1 1 0 0 1 1 1 1 1 1 0 1 
1 1 0 0 0 0 1 0 1 0 0 1 0 1 1 
0 1 1 0 1 0 1 1 0 1 1 0 1 0 0 
1 1 1 0 1 0 0 0 1 0 0 1 1 0 0 
1 1 0 0 1 0 0 1 1 1 0 0 0 1 1 
1 0 0 0 1 0 0 0 0 1 1 0 1 0 0 
0 1 0 0 0 0 0 0 0 0 0 0 1 1 0 
1 0 0 0 0 0 0 1 0 0 0 1 0 1 1 
0 0 1 0 1 1 1 0 0 1 1 0 0 0 0 
0 1 1 0 0 0 1 0 1 0 1 1 1 0 1 
0 1 1 0 0 1 1 1 0 1 1 1 0 1 1 
0 0 1 1 1 1 1 1 1 1 0 1 1 0 0 
0 0 1 1 0 0 0 1 0 0 1 0 0 0 0 
1 0 0 1 0 0 1 0 1 1 1 0 0 1 0 
1 0 1 0 0 0 1 0 0 1 0 1 0 1 0 
0 0 1 1 1 1 1 0 0 1 1 1 1 0 1 
1 1 1 1 0 1 0 0 0 0 0 0 0 0 1 
0 1 1 0 1 1 1 1 0 0 1 1 0 1 0 
0 1 1 0 1 0 0 0 0 1 0 0 1 0 0 
1 1 1 0 0 0 1 0 1 0 0 1 0 0 0 
0 0 0 1 0 0 0 0 1 0 0 0 0 1 0 
1 0 1 1 0 0 0 0 0 0 1 1 0 1 1 
1 0 0 1 0 0 0 0 1 0 0 1 1 1 0 
1 0 0 0 1 1 1 1 1 1 0 1 1 1 0 
0 1 1 1 1 1 1 1 0 1 0 0 1 0 1 
1 1 1 1 1 0 1 1 1 1 1 1 0 1 0 
0 0 0 1 1 0 0 1 0 0 0 0 0 0 0 
0 0 1 0 0 1 1 1 1 0 1 1 0 0 1 
0 0 1 0 0 1 1 1 0 0 0 1 1 1 1 
1 0 1 1 1 0 1 1 0 0 0 0 0 0 1 
0 1 1 0 1 1 0 1 1 0 1 1 0 1 1 
0 0 1 1 1 0 0 0 1 1 0 0 0 0 0 
0 1 1 1 0 0 0 0 1 1 1 0 1 0 1 
0 1 1 1 0 0 0 1 0 0 1 0 1 1 0 
0 0 0 1 1 0 1 0 0 1 1 1 0 1 1 
0 1 1 1 1 1 0 0 1 0 0 1 0 0 0 
0 0 0 1 1 1 1 1 0 0 1 0 0 1 0 
0 0 1 0 0 1 0 1 1 1 1 1 1 0 0 
1 1 1 1 0 0 0 1 1 0 1 0 1 0 1 
0 0 0 0 0 0 0 0 1 1 0 0 1 0 0 
1 0 1 0 1 1 1 1 0 0 1 0 0 0 0 
1 1 0 1 0 0 1 0 1 1 0 1 1 0 1 
0 1 0 1 0 0 0 0 1 1 0 1 1 1 1 
0 0 0 0 0 0 1 1 0 0 0 1 0 0 1 
1 1 1 0 1 1 0 1 0 1 0 1 0 1 0 
1 1 1 1 0 1 1 0 0 1 0 0 1 0 0 
1 1 0 0 0 0 0 0 1 0 0 0 1 0 1 
1 1 0 1 0 1 0 0 0 0 0 0 0 1 0 
0 0 1 1 0 0 1 0 1 0 1 0 1 1 0 
1 0 0 0 1 1 0 0 1 0 1 0 1 0 1 
1 0 1 1 1 0 0 1 0 1 1 1 1 0 1 
0 0 1 0 0 1 0 1 1 0 0 1 1 1 0 
1 0 0 0 0 1 0 0 0 1 1 1 0 1 1 
1 0 0 1 0 1 0 0 0 1 1 0 1 1 0 
1 0 0 0 1 1 1 1 0 0 0 1 0 1 0 
1 1 1 0 0 1 0 0 1 0 0 0 0 1 1 
0 0 1 0 1 1 1 0 0 1 0 1 0 0 1 
1 1 1 1 1 1 0 0 1 1 1 0 1 1 0 
1 1 1 0 0 0 1 0 1 1 1 1 0 1 0 
0 0 0 1 0 1 0 0 1 1 0 1 1 0 0 
1 1 0 1 1 1 0 0 0 0 1 0 0 0 1 
1 1 0 1 1 0 0 1 1 1 0 1 1 1 0 
0 1 1 0 1 0 1 1 0 0 1 1 1 1 1 
0 1 0 0 0 1 1 1 1 1 1 0 1 1 1 
1 1 1 1 0 0 1 0 0 0 0 1 0 1 0 
0 0 1 0 1 0 0 1 0 1 1 1 1 0 0 
1 0 0 0 1 1 1 1 0 1 0 0 0 0 1 
1 0 0 1 0 1 1 1 1 1 1 0 0 0 0 
0 0 0 1 1 0 1 1 1 1 1 0 0 1 1 
1 1 0 1 1 1 0 1 1 0 0 0 0 0 0 
0 1 1 1 1 0 1 1 0 1 0 0 0 0 0 
1 0 0 1 0 1 1 0 1 0 1 1 1 0 0 
0 1 0 1 1 0 1 1 0 0 0 1 0 0 0 
1 1 1 0 1 0 1 0 1 0 1 1 0 1 1 
0 1 1 1 1 0 0 0 1 0 1 0 1 0 0 
1 1 1 0 0 1 0 0 0 1 0 0 1 1 1 
0 0 0 0 0 1 1 0 0 1 1 1 0 0 1 
0 0 1 1 1 1 1 1 0 0 0 1 0 0 0 
1 1 1 0 0 0 1 1 1 0 1 0 1 1 0 
0 1 0 0 1 0 0 1 0 1 1 1 0 0 1 
1 1 0 1 1 0 1 0 1 1 1 1 1 1 0 
1 0 0 1 0 0 1 1 0 1 1 1 0 1 0 
1 0 0 1 0 0 1 1 0 0 0 1 0 0 0 
1 0 0 1 1 1 0 0 0 0 1 0 1 1 1 
1 1 1 0 1 1 1 0 0 1 0 0 0 1 1 
1 0 1 1 0 0 0 0 1 1 0 0 1 1 0 
1 1 1 1 1 1 1 0 0 1 1 0 1 1 1 
0 1 0 0 1 1 1 0 0 1 1 0 1 0 1 
0 0 1 0 1 1 0 1 0 0 1 0 0 1 0 
0 1 1 0 0 0 0 0 0 0 1 1 1 0 0 
0 1 1 1 0 1 1 0 1 1 1 1 1 1 0 
1 1 1 1 1 0 0 1 0 1 1 1 0 1 1 
0 0 1 0 0 1 0 0 0 0 0 0 1 1 0 
1 0 1 0 1 1 0 1 0 1 1 0 1 0 1 
0 0 0 1 1 0 1 1 0 1 1 1 1 0 0 
1 1 0 0 0 1 0 1 0 0 1 0 0 0 1 
1 0 1 1 0 1 0 0 0 0 1 1 1 1 0 
1 1 1 1 1 1 0 0 0 0 0 1 0 1 1 
1 0 1 0 1 0 1 1 1 0 1 1 0 1 0 
0 0 0 1 1 1 1 0 1 1 0 1 0 0 0 
0 1 0 0 0 1 1 0 1 1 0 1 0 0 1 
0 0 1 1 1 1 0 0 1 0 1 0 1 1 1 
1 1 1 0 0 1 0 0 0 0 0 1 1 0 0 
1 0 1 1 1 0 1 1 1 0 0 1 1 1 0 
0 1 0 0 1 0 0 1 0 1 0 0 0 0 0 
1 0 1 0 1 0 0 0 1 0 0 1 0 1 0 
0 1 0 1 1 1 1 0 0 0 0 1 0 1 0 
1 0 0 0 0 1 1 1 1 0 0 1 1 1 1 
0 0 1 0 0 0 1 1 1 1 0 1 1 1 0 
1 0 0 1 1 1 1 1 1 0 0 1 0 0 0 
1 1 0 1 0 0 0 1 1 1 1 1 1 0 1 
1 0 1 1 0 0 1 0 1 1 1 0 0 0 1 
0 1 1 0 0 1 0 1 0 1 0 1 1 0 0 
0 0 0 1 0 0 1 0 1 0 0 1 1 0 0 
1 0 0 0 1 1 0 1 1 0 1 0 0 1 0 
0 1 0 1 0 1 1 1 0 0 1 1 1 1 0 
0 0 0 1 1 1 1 0 1 0 1 1 0 1 0 
1 1 0 0 0 0 0 1 1 0 1 1 0 1 1 
0 1 1 0 1 0 0 1 0 1 1 1 0 1 0 
1 1 1 1 0 1 0 0 1 0 0 1 1 1 0 
1 0 1 0 1 1 1 1 0 1 1 1 0 1 1 
1 0 1 1 0 1 0 0 0 1 0 1 1 0 0 
1 0 1 1 1 1 1 0 0 0 0 0 0 1 1 
0 1 1 0 0 0 0 0 0 0 0 0 1 0 1 
1 0 0 1 0 1 0 0 1 1 1 1 0 0 1 
0 0 1 0 1 1 1 0 1 1 1 1 1 1 1 
1 1 1 0 1 1 1 1 0 0 1 0 1 1 0 
1 1 1 1 0 1 0 1 1 1 1 1 0 1 1 
1 1 0 0 1 0 1 1 1 0 0 0 1 1 0 
1 0 0 1 0 0 1 1 1 1 0 1 1 0 0 
0 1 0 1 1 0 1 1 1 1 0 1 1 0 0 


; Maximum HD = 102, Minimum HD = 74 
; Maximum Row HD = 15, Minimum Row HD = 3 
