0 0 1 0 1 1 0 1 1 1 0 1 1 0 0 1 1 0 1 0 1 0 1 1 1 1 1 1 0 0 0 0 0 1 0 0 0 0 1 1 0 0 0 1 0 1 0 0 1 1 1 1 0 1 0 0 0 1 1 1 0 0 1 
1 1 1 0 1 0 0 0 1 1 1 0 0 1 0 0 1 0 1 1 0 1 1 1 0 1 1 0 0 1 1 0 1 0 1 0 1 1 1 1 1 1 0 0 0 0 0 1 0 0 0 0 1 1 0 0 0 1 0 1 0 0 1 
0 0 0 1 1 0 1 1 1 0 1 0 0 1 0 1 1 0 0 1 0 1 1 0 1 0 1 1 0 1 1 1 1 1 0 1 0 0 0 0 1 0 1 0 0 1 0 1 0 1 1 1 1 0 1 1 1 0 1 1 1 0 0 
1 1 0 0 0 1 1 1 1 1 1 0 0 1 0 1 0 0 1 1 0 1 1 0 0 1 1 1 1 1 0 0 0 0 1 1 1 1 0 1 0 1 0 0 0 1 1 1 1 0 0 1 0 0 1 1 1 0 1 1 0 0 0 
0 0 0 1 1 0 0 1 0 1 1 1 1 1 0 1 1 0 1 1 1 1 0 0 0 1 0 1 1 1 0 1 0 0 0 0 0 0 0 1 0 0 1 1 0 1 1 1 0 0 0 1 0 0 0 0 0 0 1 0 1 0 0 
0 1 0 1 0 0 0 1 0 0 0 0 1 0 0 1 1 1 1 0 0 0 1 1 1 0 0 0 0 1 0 0 0 0 0 1 1 1 0 0 1 1 0 0 1 1 0 1 1 1 1 0 1 0 0 1 1 0 0 0 1 0 0 
1 0 0 0 0 0 0 1 1 1 1 1 0 1 1 1 1 0 0 1 1 1 0 1 0 1 1 0 0 0 0 1 0 1 1 1 0 0 0 1 1 0 1 1 0 1 0 0 1 0 0 0 1 0 0 1 1 0 0 1 0 1 0 
1 0 1 0 0 1 0 1 0 1 1 1 1 0 1 1 1 0 1 1 1 0 0 0 0 0 1 1 0 1 1 1 0 1 0 0 1 0 1 1 0 0 1 0 1 1 0 1 0 1 1 0 1 1 1 1 1 0 1 0 0 0 0 
0 0 1 0 0 0 1 1 1 1 1 0 0 1 0 0 0 1 0 1 1 0 1 0 0 1 1 0 1 0 0 1 0 1 0 0 1 0 0 0 0 0 1 0 1 1 1 1 0 1 0 1 1 0 1 0 1 0 0 0 0 1 0 
1 0 0 0 0 0 1 0 0 0 0 1 1 0 0 0 1 0 1 0 0 1 1 1 1 0 1 0 0 0 1 1 1 0 0 1 0 0 1 0 1 1 0 1 1 1 0 1 1 0 0 1 1 0 1 0 1 0 1 1 1 1 1 
0 0 1 1 1 0 0 1 0 0 1 0 1 1 0 1 1 1 0 1 1 0 0 1 1 0 1 0 1 0 1 1 1 1 1 1 0 0 0 0 0 1 0 0 0 0 1 1 0 0 0 1 0 1 0 0 1 1 1 1 0 1 0 
0 1 1 1 0 0 0 1 1 0 1 1 0 1 0 0 1 0 0 0 1 0 0 1 1 0 0 1 0 1 0 1 0 0 0 0 0 0 1 1 1 1 1 0 1 1 1 1 0 0 1 1 1 0 1 0 1 1 0 0 0 0 1 
1 1 1 1 0 1 0 1 1 1 1 1 0 0 1 1 0 1 0 0 0 0 0 1 0 0 1 0 0 0 0 1 1 1 0 1 0 0 0 1 0 1 1 1 1 1 1 1 0 1 1 0 0 1 0 0 0 1 1 1 0 1 1 
0 0 1 0 1 1 0 1 0 0 1 1 0 1 0 0 1 0 1 0 0 1 0 0 0 0 0 1 0 1 1 1 1 0 1 0 1 1 0 1 0 1 0 0 0 0 1 0 0 0 1 0 0 0 1 1 1 1 1 0 0 1 0 
0 0 0 0 1 1 1 0 0 1 1 0 0 1 1 0 1 1 1 1 0 1 0 0 1 1 0 0 0 1 0 0 0 1 0 1 0 0 0 1 0 0 0 0 1 0 0 1 1 1 1 0 0 0 1 1 1 0 0 0 0 1 0 
1 0 1 1 1 1 0 1 0 0 1 1 0 0 0 1 0 0 0 1 0 1 0 0 0 1 0 0 0 0 1 0 0 1 1 1 1 0 0 0 1 1 1 0 0 0 0 1 0 0 0 0 0 1 1 1 0 0 1 1 0 0 1 
1 0 1 0 1 1 0 0 0 1 1 1 0 1 0 1 0 0 1 1 0 0 1 1 1 1 0 0 1 1 0 0 0 1 1 0 1 0 0 0 1 0 0 1 0 0 1 0 0 0 1 1 0 0 0 0 1 0 0 1 0 1 0 
0 0 1 0 1 0 0 0 0 0 1 1 0 0 1 0 1 1 1 1 1 0 1 1 0 1 1 1 1 0 0 0 1 0 1 1 1 0 1 0 0 0 0 0 0 0 1 0 0 1 1 0 1 1 1 0 0 0 1 0 0 0 0 
1 0 1 0 1 0 0 1 1 1 0 0 0 1 0 1 0 1 1 0 0 1 1 0 0 0 0 1 1 0 0 1 1 1 0 0 1 0 1 1 1 0 1 1 0 1 1 0 1 1 1 0 0 1 1 1 1 0 1 1 0 1 0 
1 1 0 0 1 1 1 0 1 1 1 0 1 0 1 1 1 0 1 1 1 1 0 1 1 0 0 0 0 1 1 1 0 0 0 1 1 1 1 0 1 1 1 1 1 0 0 0 1 1 0 0 1 1 0 0 1 0 0 0 0 1 0 
0 1 0 1 1 1 1 0 1 1 1 0 1 1 1 0 0 0 0 0 1 1 0 1 1 1 0 1 0 0 1 0 1 1 0 0 1 0 1 1 0 1 0 1 1 0 1 1 1 1 1 0 1 0 0 0 0 1 0 1 0 0 1 
1 0 0 1 1 1 0 0 1 0 1 1 1 0 1 1 0 1 1 0 1 1 1 0 0 1 1 1 1 0 1 1 0 1 0 1 0 1 0 1 0 0 1 1 1 0 0 0 1 0 1 0 1 1 0 0 1 1 0 0 0 0 1 
1 0 0 1 0 0 1 1 1 1 1 0 1 0 1 0 1 0 0 0 1 0 1 0 1 0 0 1 0 1 1 1 0 0 1 1 0 1 1 0 1 1 0 0 1 0 1 0 0 0 1 1 0 1 1 1 1 1 1 1 1 1 0 
0 1 1 0 0 0 1 1 0 1 0 0 0 1 0 0 1 0 0 1 0 0 0 1 1 0 0 0 0 1 0 0 1 0 1 0 1 0 1 0 1 1 0 0 0 1 1 1 0 1 0 1 0 0 1 1 0 0 1 1 1 1 0 
1 1 1 0 0 0 0 0 1 1 0 1 1 1 0 1 0 0 1 0 1 1 0 0 1 0 1 1 0 1 0 1 1 0 1 1 1 1 1 0 1 0 0 0 0 1 0 1 0 0 1 0 1 0 1 1 1 1 0 1 1 1 0 
1 0 0 0 1 0 0 0 0 1 0 0 1 1 1 1 0 0 0 1 1 1 0 0 0 0 1 0 0 0 0 0 1 1 1 0 0 1 1 0 0 1 1 0 1 1 1 1 0 1 0 0 1 1 0 0 0 1 0 0 0 1 0 
0 1 1 0 0 0 0 1 0 0 1 0 1 0 1 0 1 0 1 1 0 0 0 1 1 1 0 1 0 1 0 0 1 1 0 0 1 1 1 1 0 0 1 1 0 0 0 1 1 0 1 0 0 0 1 0 0 1 0 0 1 0 0 
0 1 0 1 1 0 1 0 1 0 0 0 0 1 0 0 0 1 0 0 0 1 1 1 1 1 0 0 1 0 0 0 1 0 1 1 0 1 0 0 1 1 0 1 0 0 1 0 1 0 0 1 0 0 0 0 0 1 0 1 1 1 1 
1 0 1 1 1 0 1 0 1 0 1 1 0 1 0 0 0 1 1 0 0 1 0 0 1 0 0 1 1 0 1 0 1 1 1 0 0 1 0 0 0 0 0 0 0 0 0 1 0 1 1 0 1 1 0 0 0 0 0 1 0 1 0 
1 0 1 1 0 0 0 0 0 0 0 0 1 1 1 0 1 1 0 1 0 0 0 0 1 1 1 1 1 1 1 0 0 1 1 1 1 1 1 0 1 1 1 0 0 1 0 1 0 1 1 0 1 1 0 1 0 1 1 1 1 0 0 
1 0 1 0 1 0 0 0 0 1 0 0 0 1 0 0 0 1 1 1 1 1 0 0 1 0 0 0 1 0 1 1 0 1 0 0 1 1 0 1 0 0 1 0 1 0 0 1 0 0 0 0 0 1 0 1 1 1 1 0 1 0 1 
1 0 1 1 0 1 1 0 0 1 0 1 0 0 0 1 1 0 1 1 1 1 1 1 1 1 1 0 1 0 0 1 0 0 1 1 1 1 1 0 1 0 1 0 1 0 0 0 1 0 1 0 1 0 0 1 0 1 1 1 0 0 1 
1 0 1 0 0 1 1 1 0 1 0 0 1 1 1 0 1 0 0 1 1 1 0 1 0 0 1 1 1 0 1 0 0 1 1 1 0 1 0 0 1 1 1 0 1 0 0 1 1 1 0 1 0 0 1 1 1 0 1 0 0 1 1 
0 1 0 0 1 1 1 1 1 1 1 1 0 0 0 1 0 0 1 0 1 1 1 1 0 0 0 0 0 0 0 1 1 0 0 0 0 0 0 1 0 0 0 1 1 0 1 0 1 0 0 1 0 0 1 0 1 0 0 0 0 1 1 
1 0 1 0 1 0 0 0 1 1 1 1 0 0 1 0 0 1 1 1 0 1 1 0 0 0 1 1 0 0 0 1 1 1 1 1 1 0 0 1 0 1 0 0 1 1 0 1 1 0 0 1 1 1 1 1 0 0 0 0 1 1 1 
1 0 0 0 0 1 0 0 0 1 0 0 0 1 1 1 1 1 0 0 1 0 0 0 1 0 1 1 0 1 0 0 1 1 0 1 0 0 1 0 1 0 0 1 0 0 0 0 0 1 0 1 1 1 1 0 1 0 1 1 0 1 0 
1 0 0 0 1 1 0 0 1 1 0 0 1 0 0 0 0 1 0 1 1 0 0 1 1 1 0 1 1 1 0 1 0 1 1 1 0 1 1 1 1 0 1 1 0 0 0 0 1 1 1 0 0 0 1 1 1 1 0 1 1 1 1 
0 0 0 0 1 0 1 0 0 0 0 0 1 1 0 0 1 0 1 1 1 1 1 0 1 1 0 1 1 1 1 0 0 0 1 0 1 1 1 0 1 0 0 0 0 0 0 0 1 0 0 1 1 0 1 1 1 0 0 0 1 0 0 
1 0 1 1 0 1 0 0 1 1 0 1 0 0 1 0 1 0 0 1 0 0 0 0 0 1 0 1 1 1 1 0 1 0 1 1 0 1 0 1 0 0 0 0 1 0 0 0 1 0 0 0 1 1 1 1 1 0 0 1 0 0 0 
1 0 0 1 1 0 1 1 1 0 0 0 1 0 0 0 0 0 0 1 0 1 0 0 0 0 0 1 1 0 0 1 0 1 1 1 1 1 0 1 1 0 1 1 1 1 0 0 0 1 0 1 1 1 0 1 0 0 0 0 0 0 0 
0 1 0 0 0 1 0 1 0 1 0 0 1 0 1 1 1 0 0 1 1 0 1 1 0 1 1 0 0 1 0 1 0 0 0 1 1 0 1 1 1 1 1 1 1 1 1 0 1 0 0 1 0 0 1 1 1 1 1 0 1 0 1 
0 1 0 1 1 1 0 1 1 1 1 0 1 1 0 0 0 0 1 1 1 0 0 0 1 1 1 1 0 1 1 1 1 1 0 0 0 1 1 0 0 1 1 0 0 1 0 0 0 0 1 0 1 1 0 0 1 1 1 0 1 1 1 
0 0 0 0 0 1 1 0 0 1 0 1 1 1 1 1 0 1 1 0 1 1 1 1 0 0 0 1 0 1 1 1 0 1 0 0 0 0 0 0 0 1 0 0 1 1 0 1 1 1 0 0 0 1 0 0 0 0 0 0 1 0 1 
0 0 1 0 1 1 1 0 0 1 1 0 1 1 0 1 1 0 0 1 0 1 0 0 0 1 1 0 1 1 1 1 1 1 1 1 1 0 1 0 0 1 0 0 1 1 1 1 1 0 1 0 1 0 1 0 0 0 1 0 1 0 1 
0 0 1 1 1 1 0 1 0 0 0 1 1 1 0 0 1 0 0 1 0 1 1 0 1 1 1 0 1 1 0 0 1 1 0 1 0 1 0 1 1 1 1 1 1 0 0 0 0 0 1 0 0 0 0 1 1 0 0 0 1 0 1 
1 1 0 1 1 1 0 0 0 0 0 1 1 0 1 1 1 0 1 0 0 1 0 1 1 0 0 1 0 1 1 0 1 0 1 1 0 1 1 1 1 1 0 1 0 0 0 0 1 0 1 0 0 1 0 1 0 1 1 1 1 0 1 
1 1 0 1 0 1 1 0 0 1 0 0 1 1 0 0 0 0 0 1 1 1 1 0 0 0 0 1 0 1 0 1 1 1 0 0 0 0 1 1 0 1 1 0 0 0 1 0 0 1 1 1 0 0 1 1 1 0 0 0 0 0 0 
0 1 0 0 1 0 1 0 0 1 0 0 0 0 0 1 0 1 1 1 1 0 1 0 1 1 0 1 0 1 0 0 0 0 1 0 0 0 1 0 0 0 1 1 1 1 1 0 0 1 0 0 0 1 0 1 1 0 1 0 0 1 1 
0 0 0 0 0 0 1 1 1 0 1 1 0 1 0 0 0 0 1 1 1 1 1 1 1 0 0 1 1 1 1 1 1 0 1 1 1 0 0 1 0 1 0 1 1 0 1 1 0 1 0 1 1 1 1 0 0 1 0 1 1 0 0 
1 0 0 1 1 0 0 0 1 0 0 0 1 0 1 0 0 0 1 0 0 0 0 1 0 0 1 1 1 1 0 0 0 1 1 1 0 0 0 0 1 0 0 0 0 0 1 1 1 0 0 1 1 0 0 1 1 0 1 1 1 1 0 
0 1 1 1 1 0 1 1 0 1 0 1 0 1 0 1 0 0 1 1 1 0 0 0 1 0 1 0 1 1 0 0 1 1 0 0 0 0 1 1 0 0 1 1 1 0 0 1 0 1 1 1 0 1 1 0 1 1 0 1 1 1 0 
0 1 0 0 0 0 0 1 1 0 0 1 0 1 1 1 1 1 0 1 1 0 1 1 1 1 0 0 0 1 0 1 1 1 0 1 0 0 0 0 0 0 0 1 0 0 1 1 0 1 1 1 0 0 0 1 0 0 0 0 0 0 1 
1 1 0 0 0 1 1 1 0 1 0 1 0 0 1 1 0 0 1 1 1 1 0 0 1 1 0 0 0 1 1 0 1 0 0 0 1 0 0 1 0 0 1 0 0 0 1 1 0 0 0 0 1 0 0 1 0 1 0 1 0 1 0 
0 1 0 0 0 1 0 1 1 1 1 1 1 1 0 1 1 0 0 1 0 0 0 1 1 1 0 1 1 1 1 1 1 0 1 0 1 1 1 1 1 0 0 1 1 0 1 0 0 0 0 0 1 0 0 1 0 0 0 0 1 1 1 
0 0 0 1 0 0 0 1 0 0 0 1 1 1 1 1 0 0 1 0 0 0 1 0 1 1 0 1 0 0 1 1 0 1 0 0 1 0 1 0 0 1 0 0 0 0 0 1 0 1 1 1 1 0 1 0 1 1 0 1 0 1 0 
1 0 1 1 1 1 0 1 1 1 0 1 1 1 0 0 0 0 0 1 1 0 1 1 1 0 1 0 0 1 0 1 1 0 0 1 0 1 1 0 1 0 1 1 0 1 1 1 1 1 0 1 0 0 0 0 1 0 1 0 0 1 0 
0 0 1 1 1 0 0 0 0 0 0 1 1 0 1 0 1 1 0 0 1 0 0 1 1 0 0 0 0 0 1 1 1 1 0 0 0 0 1 0 1 0 1 1 1 0 0 0 0 1 1 0 1 1 0 0 0 1 0 0 1 1 1 
1 0 0 1 0 1 0 0 0 1 1 0 1 1 1 1 1 1 1 1 1 0 1 0 0 1 0 0 1 1 1 1 1 0 1 0 1 0 1 0 0 0 1 0 1 0 1 0 0 1 0 1 1 1 0 0 1 1 0 1 1 0 1 
1 0 0 0 0 0 1 1 0 0 1 0 1 1 1 1 1 0 1 1 0 1 1 1 1 0 0 0 1 0 1 1 1 0 1 0 0 0 0 0 0 0 1 0 0 1 1 0 1 1 1 0 0 0 1 0 0 0 0 0 0 1 0 
1 0 0 0 1 0 1 0 1 0 0 1 0 1 1 1 0 0 1 1 0 1 1 0 1 1 0 0 1 0 1 0 0 0 1 1 0 1 1 1 1 1 1 1 1 1 0 1 0 0 1 0 0 1 1 1 1 1 0 1 0 1 0 
0 0 0 0 1 0 1 1 0 0 1 1 1 0 1 1 1 0 1 0 1 1 1 0 1 1 1 1 0 1 1 0 0 0 0 1 1 1 0 0 0 1 1 1 1 0 1 1 1 1 1 0 0 0 1 1 0 0 1 1 0 0 1 
1 0 0 1 0 1 0 1 0 0 0 0 0 0 1 1 1 1 1 0 1 1 1 1 0 0 1 1 1 0 1 0 1 1 0 0 0 0 1 0 1 1 1 0 0 0 1 1 0 1 1 0 1 0 0 1 0 0 0 1 0 0 1 
0 1 1 0 1 1 1 1 0 0 0 1 0 1 1 1 0 1 0 0 0 0 0 0 0 1 0 0 1 1 0 1 1 1 0 0 0 1 0 0 0 0 0 0 1 0 1 0 0 0 0 0 1 1 0 0 1 0 1 1 1 1 1 
0 1 0 1 0 1 1 1 0 1 0 1 0 1 1 0 1 0 0 0 1 1 0 0 1 0 0 1 0 0 1 1 0 1 0 1 1 1 0 0 1 0 0 0 0 0 0 0 0 0 1 0 1 1 0 1 1 0 0 0 0 0 1 
1 0 1 1 0 0 1 0 1 1 0 1 0 1 1 0 1 1 1 1 1 0 1 0 0 0 0 1 0 1 0 0 1 0 1 0 1 1 1 1 0 1 1 1 0 1 1 1 0 0 0 0 0 1 1 0 1 1 1 0 1 0 0 
0 1 1 0 1 0 0 1 0 1 0 0 1 0 0 0 0 0 1 0 1 1 1 1 0 1 0 1 1 0 1 0 1 0 0 0 0 1 0 0 0 1 0 0 0 1 1 1 1 1 0 0 1 0 0 0 1 0 1 1 0 1 0 
0 1 0 1 1 1 1 0 0 1 0 1 1 0 0 0 0 0 0 0 0 1 1 1 0 1 1 0 1 0 0 0 0 1 1 1 1 1 1 1 0 0 1 1 1 1 1 1 0 1 1 1 0 0 1 0 1 0 1 1 0 1 1 
1 0 0 0 0 1 1 1 1 0 1 0 1 0 0 0 1 1 1 1 0 0 1 0 0 1 1 1 0 1 1 0 0 0 1 1 0 0 0 1 1 1 1 1 1 0 0 1 0 1 0 0 1 1 0 1 1 0 0 1 1 1 1 
1 0 0 0 0 0 1 1 1 1 0 0 0 0 1 0 1 0 1 1 1 0 0 0 0 1 1 0 1 1 0 0 0 1 0 0 1 1 1 0 0 1 1 1 0 0 0 0 0 0 1 1 0 1 0 1 1 0 0 1 0 0 1 
0 1 1 1 0 0 0 1 0 0 0 0 0 0 1 0 1 0 0 0 0 0 1 1 0 0 1 0 1 1 1 1 1 0 1 1 0 1 1 1 1 0 0 0 1 0 1 1 1 0 1 0 0 0 0 0 0 0 1 0 0 1 1 
1 1 0 1 1 0 1 1 0 0 1 0 1 0 0 0 1 1 0 1 1 1 1 1 1 1 1 1 0 1 0 0 1 0 0 1 1 1 1 1 0 1 0 1 0 1 0 0 0 1 0 1 0 1 0 0 1 0 1 1 1 0 0 
1 1 1 1 1 1 1 0 0 1 1 1 1 1 1 0 1 1 1 0 0 1 0 1 0 1 1 0 1 1 0 1 0 1 1 1 1 0 0 1 0 1 1 0 0 0 0 0 0 0 0 1 1 1 0 1 1 0 1 0 0 0 0 
1 1 0 1 0 1 0 1 0 0 0 1 0 1 0 1 0 0 1 0 1 1 1 0 0 1 1 0 1 1 0 1 1 0 0 1 0 1 0 0 0 1 1 0 1 1 1 1 1 1 1 1 1 0 1 0 0 1 0 0 1 1 1 
1 1 0 1 1 0 0 1 0 1 0 0 0 1 1 0 1 1 1 1 1 1 1 1 1 0 1 0 0 1 0 0 1 1 1 1 1 0 1 0 1 0 1 0 0 0 1 0 1 0 1 0 0 1 0 1 1 1 0 0 1 1 0 
1 1 1 1 0 1 0 1 0 1 0 0 0 1 0 1 0 1 0 0 1 0 1 1 1 0 0 1 1 0 1 1 0 1 1 0 0 1 0 1 0 0 0 1 1 0 1 1 1 1 1 1 1 1 1 0 1 0 0 1 0 0 1 
1 0 1 1 1 1 0 0 0 0 0 0 0 1 1 0 0 0 0 0 0 1 0 0 0 1 1 0 1 0 1 0 0 1 0 0 1 0 1 0 0 0 0 1 1 0 1 0 0 1 1 1 1 1 1 1 1 0 0 0 1 0 0 
0 0 1 1 0 0 1 1 1 0 0 1 0 1 1 1 0 1 1 0 1 1 0 1 1 1 0 0 1 1 1 1 0 1 1 0 1 0 1 0 1 0 1 0 0 1 1 1 0 0 0 1 0 1 0 1 1 0 0 1 1 0 0 
0 1 1 0 0 1 0 0 0 0 1 0 1 1 0 0 1 1 1 0 1 1 1 0 1 0 1 1 1 0 1 1 1 1 0 1 1 0 0 0 0 1 1 1 0 0 0 1 1 1 1 0 1 1 1 1 1 0 0 0 1 1 0 
1 0 0 0 1 1 0 1 0 0 0 1 0 0 1 0 0 1 0 0 0 1 1 0 0 0 0 1 0 0 1 0 1 0 1 0 1 0 1 1 0 0 0 1 1 1 0 1 0 1 0 0 1 1 0 0 1 1 1 1 0 0 1 
1 0 0 1 1 1 0 1 1 0 0 0 1 1 0 0 0 1 1 1 1 1 1 0 0 1 0 1 0 0 1 1 0 1 1 0 0 1 1 1 1 1 0 0 0 0 1 1 1 1 0 1 0 1 0 0 0 1 1 1 1 0 0 
1 1 0 1 1 1 1 0 0 0 1 0 1 1 1 0 1 0 0 0 0 0 0 0 1 0 0 1 1 0 1 1 1 0 0 0 1 0 0 0 0 0 0 1 0 1 0 0 0 0 0 1 1 0 0 1 0 1 1 1 1 1 0 
0 1 1 1 0 1 1 0 1 1 0 1 1 1 0 0 1 1 1 1 0 1 1 0 1 0 1 0 1 0 1 0 0 1 1 1 0 0 0 1 0 1 0 1 1 0 0 1 1 0 0 0 0 1 1 0 0 1 1 1 0 0 1 
0 0 1 0 0 0 0 0 1 0 1 1 1 1 0 1 0 1 1 0 1 0 1 0 0 0 0 1 0 0 0 1 0 0 0 1 1 1 1 1 0 0 1 0 0 0 1 0 1 1 0 1 0 0 1 1 0 1 0 0 1 0 1 
1 0 1 1 1 0 0 1 1 0 1 1 0 1 1 0 0 1 0 1 0 0 0 1 1 0 1 1 1 1 1 1 1 1 1 0 1 0 0 1 0 0 1 1 1 1 1 0 1 0 1 0 1 0 0 0 1 0 1 0 1 0 0 
1 1 1 0 1 1 1 0 0 0 0 0 1 1 0 1 1 1 0 1 0 0 1 0 1 1 0 0 1 0 1 1 0 1 0 1 1 0 1 1 1 1 1 0 1 0 0 0 0 1 0 1 0 0 1 0 1 0 1 1 1 1 0 
1 0 0 1 0 1 0 1 1 0 1 1 0 1 0 1 1 1 1 0 0 1 0 1 1 0 0 0 0 0 0 0 0 1 1 1 0 1 1 0 1 0 0 0 0 1 1 1 1 1 1 1 0 0 1 1 1 1 1 1 0 1 1 
0 0 0 1 0 1 1 0 1 0 0 1 1 0 1 0 0 1 0 1 0 0 1 0 0 0 0 0 1 0 1 1 1 1 0 1 0 1 1 0 1 0 1 0 0 0 0 1 0 0 0 1 0 0 0 1 1 1 1 1 0 0 1 
1 1 1 0 1 0 1 0 1 1 0 1 0 0 0 1 1 0 0 1 0 0 1 0 0 1 1 0 1 0 1 1 1 0 0 1 0 0 0 0 0 0 0 0 0 1 0 1 1 0 1 1 0 0 0 0 0 1 0 1 0 1 0 
1 1 1 0 0 1 1 1 1 1 1 0 1 1 1 0 0 1 0 1 0 1 1 0 1 1 0 1 0 1 1 1 1 0 0 1 0 1 1 0 0 0 0 0 0 0 0 1 1 1 0 1 1 0 1 0 0 0 0 1 1 1 1 
0 0 0 1 0 0 1 1 1 0 0 1 1 1 0 0 0 0 0 0 1 1 0 1 0 1 1 0 0 1 0 0 1 1 0 0 0 0 0 1 1 1 1 0 0 0 0 1 0 1 0 1 1 1 0 0 0 0 1 1 0 1 1 
0 0 0 1 0 0 1 0 1 1 1 1 0 0 0 0 0 0 0 1 1 0 0 0 0 0 0 1 0 0 0 1 1 0 1 0 1 0 0 1 0 0 1 0 1 0 0 0 0 1 1 0 1 0 0 1 1 1 1 1 1 1 1 
1 0 1 1 0 0 1 1 1 1 1 0 0 0 0 1 1 1 1 0 1 0 1 0 0 0 1 1 1 1 0 0 1 0 0 1 1 1 0 1 1 0 0 0 1 1 0 0 0 1 1 1 1 1 1 0 0 1 0 1 0 0 1 
1 0 0 1 1 0 0 0 0 0 1 1 1 1 0 0 0 0 1 0 1 0 1 1 1 0 0 0 0 1 1 0 1 1 0 0 0 1 0 0 1 1 1 0 0 1 1 1 0 0 0 0 0 0 1 1 0 1 0 1 1 0 0 
0 1 1 0 1 0 0 1 1 0 1 0 0 1 0 1 0 0 1 0 0 0 0 0 1 0 1 1 1 1 0 1 0 1 1 0 1 0 1 0 0 0 0 1 0 0 0 1 0 0 0 1 1 1 1 1 0 0 1 0 0 0 1 
1 1 0 0 1 0 1 1 1 1 1 0 1 1 0 1 1 1 1 0 0 0 1 0 1 1 1 0 1 0 0 0 0 0 0 0 1 0 0 1 1 0 1 1 1 0 0 0 1 0 0 0 0 0 0 1 0 1 0 0 0 0 0 
1 0 0 0 0 1 0 1 0 0 1 0 1 0 1 1 1 1 0 1 1 1 0 1 1 1 0 0 0 0 0 1 1 0 1 1 1 0 1 0 0 1 0 1 1 0 0 1 0 1 1 0 1 0 1 1 0 1 1 1 1 1 0 
1 0 0 0 0 1 0 1 0 1 1 1 0 0 0 0 1 1 0 1 1 0 0 0 1 0 0 1 1 1 0 0 1 1 1 0 0 0 0 0 0 1 1 0 1 0 1 1 0 0 1 0 0 1 1 0 0 0 0 0 1 1 1 
1 1 0 0 0 1 1 1 1 0 1 1 1 1 1 0 0 0 1 1 0 0 1 1 0 0 1 0 0 0 0 1 0 1 1 0 0 1 1 1 0 1 1 1 0 1 0 1 1 1 0 1 1 1 1 0 1 1 0 0 0 0 1 
0 0 1 0 1 1 1 1 1 1 1 0 1 1 0 0 1 0 0 0 1 1 1 0 1 1 1 1 1 1 0 1 0 1 1 1 1 1 0 0 1 1 0 1 0 0 0 0 0 1 0 0 1 0 0 0 0 1 1 1 0 1 0 
1 1 1 1 1 1 0 0 0 1 0 0 1 0 1 1 1 1 0 0 0 0 0 0 0 1 1 0 0 0 0 0 0 1 0 0 0 1 1 0 1 0 1 0 0 1 0 0 1 0 1 0 0 0 0 1 1 0 1 0 0 1 1 
0 0 1 0 1 0 0 1 1 1 1 0 1 0 0 0 1 1 1 0 0 1 0 0 1 0 1 1 0 1 1 1 0 1 1 0 0 1 1 0 1 0 1 0 1 1 1 1 1 1 0 0 0 0 0 1 0 0 0 0 1 1 0 
0 0 0 1 0 1 1 0 0 0 1 0 1 1 0 0 0 1 0 1 1 0 0 0 1 0 1 1 0 0 0 1 0 1 1 0 0 0 1 0 1 1 0 0 0 1 0 1 1 0 0 0 1 0 1 1 0 0 0 1 0 1 1 
0 0 0 1 0 1 0 1 0 1 1 1 0 1 0 1 0 1 1 0 1 0 0 0 1 1 0 0 1 0 0 1 0 0 1 1 0 1 0 1 1 1 0 0 1 0 0 0 0 0 0 0 0 0 1 0 1 1 0 1 1 0 0 
0 1 0 0 0 0 0 0 0 1 0 0 1 1 0 1 1 1 0 0 0 1 0 0 0 0 0 0 1 0 1 0 0 0 0 0 1 1 0 0 1 0 1 1 1 1 1 0 1 1 0 1 1 1 1 0 0 0 1 0 1 1 1 
0 1 1 1 1 1 1 1 1 0 0 0 1 0 0 1 0 1 1 1 1 0 0 0 0 0 0 0 1 1 0 0 0 0 0 0 1 0 0 0 1 1 0 1 0 1 0 0 1 0 0 1 0 1 0 0 0 0 1 1 0 1 0 
0 1 0 0 1 0 0 1 0 0 0 1 1 0 0 0 0 1 0 0 1 0 1 0 1 0 1 0 1 1 0 0 0 1 1 1 0 1 0 1 0 0 1 1 0 0 1 1 1 1 0 0 1 1 0 0 0 1 1 0 1 0 0 
0 0 1 0 1 1 1 0 1 0 0 0 0 0 0 0 1 0 0 1 1 0 1 1 1 0 0 0 1 0 0 0 0 0 0 1 0 1 0 0 0 0 0 1 1 0 0 1 0 1 1 1 1 1 0 1 1 0 1 1 1 1 0 
1 0 0 1 1 0 1 0 1 0 1 1 1 1 1 1 0 0 0 0 0 1 0 0 0 0 1 1 0 0 0 1 0 1 0 0 1 1 1 1 0 1 0 0 0 1 1 1 0 0 1 0 0 1 0 1 1 0 1 1 1 0 1 
1 0 1 1 1 0 0 0 0 1 1 0 1 1 0 0 0 1 0 0 1 1 1 0 0 1 1 1 0 0 0 0 0 0 1 1 0 1 0 1 1 0 0 1 0 0 1 1 0 0 0 0 0 1 1 1 1 0 0 0 0 1 0 
1 1 0 1 0 0 1 0 0 1 1 1 1 1 0 1 0 1 0 1 0 0 0 1 0 1 0 1 0 0 1 0 1 1 1 0 0 1 1 0 1 1 0 1 1 0 0 1 0 1 0 0 0 1 1 0 1 1 1 1 1 1 1 
0 1 1 0 0 1 0 0 0 1 1 1 0 1 1 1 1 1 1 0 1 0 1 1 1 1 1 0 0 1 1 0 1 0 0 0 0 0 1 0 0 1 0 0 0 0 1 1 1 0 1 0 0 0 1 0 1 1 1 1 1 1 1 
0 0 1 0 1 0 0 0 1 0 0 0 0 1 0 0 1 1 1 1 0 0 0 1 1 1 0 0 0 0 1 0 0 0 0 0 1 1 1 0 0 1 1 0 0 1 1 0 1 1 1 1 0 1 0 0 1 1 0 0 0 1 0 
0 1 0 1 1 1 1 1 1 0 0 0 0 0 1 0 0 0 0 1 1 0 0 0 1 0 1 0 0 1 1 1 1 0 1 0 0 0 1 1 1 0 0 1 0 0 1 0 1 1 0 1 1 1 0 1 1 0 0 1 1 0 1 
0 0 0 0 0 0 0 0 1 0 1 1 0 1 1 0 0 0 0 0 1 0 1 0 1 0 1 1 1 0 1 0 1 0 1 1 0 1 0 0 0 1 1 0 0 1 0 0 1 0 0 1 1 0 1 0 1 1 1 0 0 1 0 
0 0 1 0 0 0 0 1 1 0 0 0 1 0 1 0 0 1 1 1 1 0 1 0 0 0 1 1 1 0 0 1 0 0 1 0 1 1 0 1 1 1 0 1 1 0 0 1 1 0 1 0 1 0 1 1 1 1 1 1 0 0 0 
1 1 1 0 1 1 0 1 1 0 1 1 1 0 0 1 1 1 1 0 1 1 0 1 0 1 0 1 0 1 0 0 1 1 1 0 0 0 1 0 1 0 1 1 0 0 1 1 0 0 0 0 1 1 0 0 1 1 1 0 0 1 0 
0 1 0 0 1 0 1 0 1 1 1 1 0 1 1 1 0 1 1 1 0 0 0 0 0 1 1 0 1 1 1 0 1 0 0 1 0 1 1 0 0 1 0 1 1 0 1 0 1 1 0 1 1 1 1 1 0 1 0 0 0 0 1 
0 1 1 1 1 0 1 0 1 0 0 0 1 1 1 1 0 0 1 0 0 1 1 1 0 1 1 0 0 0 1 1 0 0 0 1 1 1 1 1 1 0 0 1 0 1 0 0 1 1 0 1 1 0 0 1 1 1 1 1 0 0 0 
1 1 1 1 0 1 1 1 1 1 0 0 0 1 1 0 0 1 1 0 0 1 0 0 0 0 1 0 1 1 0 0 1 1 1 0 1 1 1 0 1 0 1 1 1 0 1 1 1 1 0 1 1 0 0 0 0 1 1 1 0 0 0 
0 1 0 0 0 1 0 0 0 1 1 1 1 1 0 0 1 0 0 0 1 0 1 1 0 1 0 0 1 1 0 1 0 0 1 0 1 0 0 1 0 0 0 0 0 1 0 1 1 1 1 0 1 0 1 1 0 1 0 1 0 0 0 
1 0 1 0 0 0 1 1 1 0 0 1 0 0 1 0 1 1 0 1 1 1 0 1 1 0 0 1 1 0 1 0 1 0 1 1 1 1 1 1 0 0 0 0 0 1 0 0 0 0 1 1 0 0 0 1 0 1 0 0 1 1 1 
1 1 0 1 1 1 1 1 1 1 1 1 0 1 0 0 1 0 0 1 1 1 1 1 0 1 0 1 0 1 0 0 0 1 0 1 0 1 0 0 1 0 1 1 1 0 0 1 1 0 1 1 0 1 1 0 0 1 0 1 0 0 0 
1 1 1 0 0 1 0 0 0 1 0 1 1 0 1 0 0 1 1 0 1 0 0 1 0 1 0 0 1 0 0 0 0 0 1 0 1 1 1 1 0 1 0 1 1 0 1 0 1 0 0 0 0 1 0 0 0 1 0 0 0 1 1 
1 0 0 1 1 1 1 0 1 1 0 1 0 1 0 1 0 1 0 0 1 1 1 0 0 0 1 0 1 0 1 1 0 0 1 1 0 0 0 0 1 1 0 0 1 1 1 0 0 1 0 1 1 1 0 1 1 0 1 1 0 1 1 
1 1 0 1 0 0 0 0 1 1 1 1 1 1 1 0 0 1 1 1 1 1 1 0 1 1 1 0 0 1 0 1 0 1 1 0 1 1 0 1 0 1 1 1 1 0 0 1 0 1 1 0 0 0 0 0 0 0 0 1 1 1 0 
0 0 0 0 0 1 0 1 0 1 0 1 1 1 0 1 0 1 0 1 1 0 1 0 0 0 1 1 0 0 1 0 0 1 0 0 1 1 0 1 0 1 1 1 0 0 1 0 0 0 0 0 0 0 0 0 1 0 1 1 0 1 1 
1 0 0 0 1 0 1 0 0 1 1 1 1 0 1 0 0 0 1 1 1 0 0 1 0 0 1 0 1 1 0 1 1 1 0 1 1 0 0 1 1 0 1 0 1 0 1 1 1 1 1 1 0 0 0 0 0 1 0 0 0 0 1 
1 1 0 0 1 1 1 1 0 0 1 1 0 0 0 1 1 0 1 0 0 0 1 0 0 1 0 0 1 0 0 0 1 1 0 0 0 0 1 0 0 1 0 1 0 1 0 1 0 1 1 0 0 0 1 1 1 0 1 0 1 0 0 
0 0 0 1 1 0 1 0 0 1 1 1 1 1 1 1 1 0 0 0 1 0 0 1 0 1 1 1 1 0 0 0 0 0 0 0 1 1 0 0 0 0 0 0 1 0 0 0 1 1 0 1 0 1 0 0 1 0 0 1 0 1 0 
1 0 0 0 1 0 0 1 0 1 1 1 1 0 0 0 0 0 0 0 1 1 0 0 0 0 0 0 1 0 0 0 1 1 0 1 0 1 0 0 1 0 0 1 0 1 0 0 0 0 1 1 0 1 0 0 1 1 1 1 1 1 1 
0 1 1 1 0 1 1 1 0 1 0 1 1 1 0 1 1 1 1 0 1 1 0 0 0 0 1 1 1 0 0 0 1 1 1 1 0 1 1 1 1 1 0 0 0 1 1 0 0 1 1 0 0 1 0 0 0 0 1 0 1 1 0 
1 1 1 0 0 1 1 1 0 0 0 0 0 0 1 1 0 1 0 1 1 0 0 1 0 0 1 1 0 0 0 0 0 1 1 1 1 0 0 0 0 1 0 1 0 1 1 1 0 0 0 0 1 1 0 1 1 0 0 0 1 0 0 
0 1 0 0 0 1 1 0 1 0 1 0 0 1 0 0 1 0 1 0 0 0 0 1 1 0 1 0 0 1 1 1 1 1 1 1 1 0 0 0 1 0 0 1 0 1 1 1 1 0 0 0 0 0 0 0 1 1 0 0 0 0 0 
1 1 1 0 1 0 1 1 0 0 0 0 1 0 1 1 1 0 0 0 1 1 0 1 1 0 1 0 0 1 0 0 0 1 0 0 1 1 0 0 1 0 1 0 1 0 0 0 0 0 0 1 1 1 1 1 0 1 1 1 1 0 0 
1 0 0 1 0 0 1 0 1 1 0 1 1 1 0 1 1 0 0 1 1 0 1 0 1 0 1 1 1 1 1 1 0 0 0 0 0 1 0 0 0 0 1 1 0 0 0 1 0 1 0 0 1 1 1 1 0 1 0 0 0 1 1 
0 0 0 1 0 1 0 0 1 0 1 0 1 1 1 1 0 1 1 1 0 1 1 1 0 0 0 0 0 1 1 0 1 1 1 0 1 0 0 1 0 1 1 0 0 1 0 1 1 0 1 0 1 1 0 1 1 1 1 1 0 1 0 
1 1 1 1 1 1 0 1 1 1 0 0 1 0 1 0 1 1 0 1 1 0 1 0 1 1 1 1 0 0 1 0 1 1 0 0 0 0 0 0 0 0 1 1 1 0 1 1 0 1 0 0 0 0 1 1 1 1 1 1 1 0 0 
1 1 1 1 1 1 0 0 0 0 0 1 0 0 0 0 1 1 0 0 0 1 0 1 0 0 1 1 1 1 0 1 0 0 0 1 1 1 0 0 1 0 0 1 0 1 1 0 1 1 1 0 1 1 0 0 1 1 0 1 0 1 0 
1 0 0 0 0 0 1 0 1 1 1 1 0 1 0 1 1 0 1 0 1 0 0 0 0 1 0 0 0 1 0 0 0 1 1 1 1 1 0 0 1 0 0 0 1 0 1 1 0 1 0 0 1 1 0 1 0 0 1 0 1 0 0 
0 0 0 1 1 1 0 1 0 0 0 1 0 1 1 1 1 1 1 1 0 1 1 0 0 1 0 0 0 1 1 1 0 1 1 1 1 1 1 0 1 0 1 1 1 1 1 0 0 1 1 0 1 0 0 0 0 0 1 0 0 1 0 
1 0 1 0 1 1 1 1 1 1 0 0 0 0 0 1 0 0 0 0 1 1 0 0 0 1 0 1 0 0 1 1 1 1 0 1 0 0 0 1 1 1 0 0 1 0 0 1 0 1 1 0 1 1 1 0 1 1 0 0 1 1 0 
1 1 1 0 1 1 1 0 1 0 1 1 1 0 1 1 1 1 0 1 1 0 0 0 0 1 1 1 0 0 0 1 1 1 1 0 1 1 1 1 1 0 0 0 1 1 0 0 1 1 0 0 1 0 0 0 0 1 0 1 1 0 0 
1 0 0 0 0 1 0 1 1 0 0 1 1 1 0 1 1 1 0 1 0 1 1 1 0 1 1 1 1 0 1 1 0 0 0 0 1 1 1 0 0 0 1 1 1 1 0 1 1 1 1 1 0 0 0 1 1 0 0 1 1 0 0 
1 1 0 0 0 0 0 1 1 1 1 0 0 0 0 1 0 1 0 1 1 1 0 0 0 0 1 1 0 1 1 0 0 0 1 0 0 1 1 1 0 0 1 1 1 0 0 0 0 0 0 1 1 0 1 0 1 1 0 0 1 0 0 
1 1 0 0 1 0 1 1 0 0 0 0 0 0 0 0 1 1 1 0 1 1 0 1 0 0 0 0 1 1 1 1 1 1 1 0 0 1 1 1 1 1 1 0 1 1 1 0 0 1 0 1 0 1 1 0 1 1 0 1 0 1 1 
1 0 1 0 1 0 0 0 0 0 0 1 1 1 1 1 0 1 1 1 1 0 0 1 1 1 0 1 0 1 1 0 0 0 0 1 0 1 1 1 0 0 0 1 1 0 1 1 0 1 0 0 1 0 0 0 1 0 0 1 1 0 0 
0 1 0 0 0 0 1 0 0 1 1 1 1 0 0 0 1 1 1 0 0 0 0 1 0 0 0 0 0 1 1 1 0 0 1 1 0 0 1 1 0 1 1 1 1 0 1 0 0 1 1 0 0 0 1 0 0 0 1 0 1 0 0 
0 1 1 1 0 1 0 0 1 1 1 0 1 0 0 1 1 1 0 1 0 0 1 1 1 0 1 0 0 1 1 1 0 1 0 0 1 1 1 0 1 0 0 1 1 1 0 1 0 0 1 1 1 0 1 0 0 1 1 1 0 1 0 
1 1 0 0 1 1 1 1 0 1 1 0 1 0 1 0 1 0 1 0 0 1 1 1 0 0 0 1 0 1 0 1 1 0 0 1 1 0 0 0 0 1 1 0 0 1 1 1 0 0 1 0 1 1 1 0 1 1 0 1 1 0 1 
1 1 0 1 1 1 1 1 1 0 1 0 1 1 1 1 1 0 0 1 1 0 1 0 0 0 0 0 1 0 0 1 0 0 0 0 1 1 1 0 1 0 0 0 1 0 1 1 1 1 1 1 1 0 1 1 0 0 1 0 0 0 1 
0 0 1 0 1 0 1 0 1 0 1 1 0 0 0 1 1 1 0 1 0 1 0 0 1 1 0 0 1 1 1 1 0 0 1 1 0 0 0 1 1 0 1 0 0 0 1 0 0 1 0 0 1 0 0 0 1 1 0 0 0 0 1 
1 0 1 0 0 1 0 0 0 1 0 0 1 1 0 0 1 0 1 0 1 0 0 0 0 0 0 1 1 1 1 1 0 1 1 1 1 0 0 1 1 1 0 1 0 1 1 0 0 0 0 1 0 1 1 1 0 0 0 1 1 0 1 
1 1 0 0 1 1 0 1 1 1 1 0 1 0 0 1 1 0 0 0 1 0 0 0 1 0 1 0 0 0 1 0 0 0 0 1 0 0 1 1 1 1 0 0 0 1 1 1 0 0 0 0 1 0 0 0 0 0 1 1 1 0 0 
0 1 1 0 1 1 1 0 0 1 1 1 1 0 1 1 0 1 0 1 0 1 0 1 0 0 1 1 1 0 0 0 1 0 1 0 1 1 0 0 1 1 0 0 0 0 1 1 0 0 1 1 1 0 0 1 0 1 1 1 0 1 1 
1 1 1 1 0 0 0 0 1 0 1 0 1 1 1 0 0 0 0 1 1 0 1 1 0 0 0 1 0 0 1 1 1 0 0 1 1 1 0 0 0 0 0 0 1 1 0 1 0 1 1 0 0 1 0 0 1 1 0 0 0 0 0 
1 0 1 0 0 1 0 1 0 0 1 0 0 0 0 0 1 0 1 1 1 1 0 1 0 1 1 0 1 0 1 0 0 0 0 1 0 0 0 1 0 0 0 1 1 1 1 1 0 0 1 0 0 0 1 0 1 1 0 1 0 0 1 
1 1 1 1 1 1 1 1 1 0 1 0 0 1 0 0 1 1 1 1 1 0 1 0 1 0 1 0 0 0 1 0 1 0 1 0 0 1 0 1 1 1 0 0 1 1 0 1 1 0 1 1 0 0 1 0 1 0 0 0 1 1 0 
1 0 0 0 1 0 0 0 1 1 1 1 1 0 0 1 0 0 0 1 0 1 1 0 1 0 0 1 1 0 1 0 0 1 0 1 0 0 1 0 0 0 0 0 1 0 1 1 1 1 0 1 0 1 1 0 1 0 1 0 0 0 0 
0 1 1 1 0 1 1 1 1 1 1 0 1 0 1 1 1 1 1 0 0 1 1 0 1 0 0 0 0 0 1 0 0 1 0 0 0 0 1 1 1 0 1 0 0 0 1 0 1 1 1 1 1 1 1 0 1 1 0 0 1 0 0 
1 0 0 0 1 1 1 0 1 0 1 0 0 1 1 0 0 1 1 1 1 0 0 1 1 0 0 0 1 1 0 1 0 0 0 1 0 0 1 0 0 1 0 0 0 1 1 0 0 0 0 1 0 0 1 0 1 0 1 0 1 0 1 
0 0 1 1 0 0 1 0 0 0 0 1 0 1 1 0 0 1 1 1 0 1 1 1 0 1 0 1 1 1 0 1 1 1 1 0 1 1 0 0 0 0 1 1 1 0 0 0 1 1 1 1 0 1 1 1 1 1 0 0 0 1 1 
0 0 1 1 1 0 0 0 0 1 0 0 0 0 0 1 1 1 0 0 1 1 0 0 1 1 0 1 1 1 1 0 1 0 0 1 1 0 0 0 1 0 0 0 1 0 1 0 0 0 1 0 0 0 0 1 0 0 1 1 1 1 0 
1 0 0 1 0 0 0 0 0 1 0 1 1 1 1 0 1 0 1 1 0 1 0 1 0 0 0 0 1 0 0 0 1 0 0 0 1 1 1 1 1 0 0 1 0 0 0 1 0 1 1 0 1 0 0 1 1 0 1 0 0 1 0 
0 0 1 0 0 1 0 1 1 1 1 0 0 0 0 0 0 0 1 1 0 0 0 0 0 0 1 0 0 0 1 1 0 1 0 1 0 0 1 0 0 1 0 1 0 0 0 0 1 1 0 1 0 0 1 1 1 1 1 1 1 1 0 
0 0 1 1 0 1 0 0 1 0 1 0 0 1 0 0 0 0 0 1 0 1 1 1 1 0 1 0 1 1 0 1 0 1 0 0 0 0 1 0 0 0 1 0 0 0 1 1 1 1 1 0 0 1 0 0 0 1 0 1 1 0 1 
1 1 0 0 0 1 0 0 1 0 1 1 1 1 0 0 0 0 0 0 0 1 1 0 0 0 0 0 0 1 0 0 0 1 1 0 1 0 1 0 0 1 0 0 1 0 1 0 0 0 0 1 1 0 1 0 0 1 1 1 1 1 1 
1 1 1 1 0 0 0 1 1 0 0 1 1 0 0 1 0 0 0 0 1 0 1 1 0 0 1 1 1 0 1 1 1 0 1 0 1 1 1 0 1 1 1 1 0 1 1 0 0 0 0 1 1 1 0 0 0 1 1 1 1 0 1 
1 0 0 0 1 1 0 0 0 0 1 0 0 1 0 1 0 1 0 1 0 1 1 0 0 0 1 1 1 0 1 0 1 0 0 1 1 0 0 1 1 1 1 0 0 1 1 0 0 0 1 1 0 1 0 0 0 1 0 0 1 0 0 
1 1 0 0 1 1 0 0 1 1 0 1 1 1 1 0 1 0 0 1 1 0 0 0 1 0 0 0 1 0 1 0 0 0 1 0 0 0 0 1 0 0 1 1 1 1 0 0 0 1 1 1 0 0 0 0 1 0 0 0 0 0 1 
0 0 1 1 0 0 0 0 0 1 1 1 1 0 0 0 0 1 0 1 0 1 1 1 0 0 0 0 1 1 0 1 1 0 0 0 1 0 0 1 1 1 0 0 1 1 1 0 0 0 0 0 0 1 1 0 1 0 1 1 0 0 1 
0 1 1 1 0 1 0 1 1 0 0 0 0 1 0 1 1 1 0 0 0 1 1 0 1 1 0 1 0 0 1 0 0 0 1 0 0 1 1 0 0 1 0 1 0 1 0 0 0 0 0 0 1 1 1 1 1 0 1 1 1 1 0 
0 1 1 1 0 0 1 0 0 1 0 1 1 0 1 1 1 0 1 1 0 0 1 1 0 1 0 1 0 1 1 1 1 1 1 0 0 0 0 0 1 0 0 0 0 1 1 0 0 0 1 0 1 0 0 1 1 1 1 0 1 0 0 
0 1 0 1 0 0 0 1 0 1 0 1 0 0 1 0 1 1 1 0 0 1 1 0 1 1 0 1 1 0 0 1 0 1 0 0 0 1 1 0 1 1 1 1 1 1 1 1 1 0 1 0 0 1 0 0 1 1 1 1 1 0 1 
0 0 1 0 0 0 0 0 0 1 0 1 0 0 0 0 0 1 1 0 0 1 0 1 1 1 1 1 0 1 1 0 1 1 1 1 0 0 0 1 0 1 1 1 0 1 0 0 0 0 0 0 0 1 0 0 1 1 0 1 1 1 0 
1 0 0 1 0 0 0 0 0 0 0 0 0 1 0 1 1 0 1 1 0 0 0 0 0 1 0 1 0 1 0 1 1 1 0 1 0 1 0 1 1 0 1 0 0 0 1 1 0 0 1 0 0 1 0 0 1 1 0 1 0 1 1 
0 0 1 1 0 1 1 0 0 1 1 1 1 1 0 0 0 0 1 1 1 1 0 1 0 1 0 0 0 1 1 1 1 0 0 1 0 0 1 1 1 0 1 1 0 0 0 1 1 0 0 0 1 1 1 1 1 1 0 0 1 0 1 
1 1 0 0 1 0 1 1 1 0 1 1 0 1 1 0 1 1 1 0 0 1 1 1 1 0 1 1 0 1 0 1 0 1 0 1 0 0 1 1 1 0 0 0 1 0 1 0 1 1 0 0 1 1 0 0 0 0 1 1 0 0 1 
0 1 1 1 1 1 0 1 1 1 1 0 0 1 1 1 0 1 0 1 1 0 0 0 0 1 0 1 1 1 0 0 0 1 1 0 1 1 0 1 0 0 1 0 0 0 1 0 0 1 1 0 0 1 0 1 0 1 0 0 0 0 0 
0 1 1 0 0 0 1 1 1 0 1 0 1 0 0 1 1 0 0 1 1 1 1 0 0 1 1 0 0 0 1 1 0 1 0 0 0 1 0 0 1 0 0 1 0 0 0 1 1 0 0 0 0 1 0 0 1 0 1 0 1 0 1 
0 0 0 0 1 1 0 1 1 0 0 0 1 0 0 1 1 1 0 0 1 1 1 0 0 0 0 0 0 1 1 0 1 0 1 1 0 0 1 0 0 1 1 0 0 0 0 0 1 1 1 1 0 0 0 0 1 0 1 0 1 1 1 
1 0 0 1 1 1 0 0 0 1 0 1 0 1 1 0 0 1 1 0 0 0 0 1 1 0 0 1 1 1 0 0 1 0 1 1 1 0 1 1 0 1 1 0 1 1 1 0 0 1 1 1 1 0 1 1 0 1 0 1 0 1 0 
1 1 1 0 1 1 0 1 0 0 0 0 1 1 1 1 1 1 1 0 0 1 1 1 1 1 1 0 1 1 1 0 0 1 0 1 0 1 1 0 1 1 0 1 0 1 1 1 1 0 0 1 0 1 1 0 0 0 0 0 0 0 0 
1 1 1 0 1 0 1 1 1 1 1 0 0 1 1 0 1 0 0 0 0 0 1 0 0 1 0 0 0 0 1 1 1 0 1 0 0 0 1 0 1 1 1 1 1 1 1 0 1 1 0 0 1 0 0 0 1 1 1 0 1 1 1 
0 0 1 0 1 1 1 1 0 1 0 1 1 0 1 0 1 0 0 0 0 1 0 0 0 1 0 0 0 1 1 1 1 1 0 0 1 0 0 0 1 0 1 1 0 1 0 0 1 1 0 1 0 0 1 0 1 0 0 1 0 0 0 
0 1 1 0 1 0 1 0 0 1 0 0 1 0 1 0 0 0 0 1 1 0 1 0 0 1 1 1 1 1 1 1 1 0 0 0 1 0 0 1 0 1 1 1 1 0 0 0 0 0 0 0 1 1 0 0 0 0 0 0 1 0 0 
0 0 0 1 0 1 1 1 1 1 1 1 0 1 1 0 0 1 0 0 0 1 1 1 0 1 1 1 1 1 1 0 1 0 1 1 1 1 1 0 0 1 1 0 1 0 0 0 0 0 1 0 0 1 0 0 0 0 1 1 1 0 1 
0 1 1 0 1 1 1 1 0 1 0 0 1 1 0 0 0 1 0 0 0 1 0 1 0 0 0 1 0 0 0 0 1 0 0 1 1 1 1 0 0 0 1 1 1 0 0 0 0 1 0 0 0 0 0 1 1 1 0 0 1 1 0 
1 0 1 1 0 1 1 0 1 0 1 1 1 1 0 0 1 0 1 1 0 0 0 0 0 0 0 0 1 1 1 0 1 1 0 1 0 0 0 0 1 1 1 1 1 1 1 0 0 1 1 1 1 1 1 0 1 1 1 0 0 1 0 
0 0 1 0 0 1 0 1 0 0 0 0 1 1 0 1 0 0 1 1 1 1 1 1 1 1 0 0 0 1 0 0 1 0 1 1 1 1 0 0 0 0 0 0 0 1 1 0 0 0 0 0 0 1 0 0 0 1 1 0 1 0 1 
0 0 0 0 0 0 1 1 0 0 0 0 0 0 1 0 0 0 1 1 0 1 0 1 0 0 1 0 0 1 0 1 0 0 0 0 1 1 0 1 0 0 1 1 1 1 1 1 1 1 0 0 0 1 0 0 1 0 1 1 1 1 0 
1 0 0 0 0 1 1 0 0 0 1 0 1 0 0 1 1 1 1 0 1 0 0 0 1 1 1 0 0 1 0 0 1 0 1 1 0 1 1 1 0 1 1 0 0 1 1 0 1 0 1 0 1 1 1 1 1 1 0 0 0 0 0 
0 0 0 1 0 0 1 1 1 1 0 0 0 1 1 1 0 0 0 0 1 0 0 0 0 0 1 1 1 0 0 1 1 0 0 1 1 0 1 1 1 1 0 1 0 0 1 1 0 0 0 1 0 0 0 1 0 1 0 0 0 1 0 
1 0 1 1 0 1 0 0 0 1 1 0 0 1 0 0 1 0 0 1 1 0 1 0 1 1 1 0 0 1 0 0 0 0 0 0 0 0 0 1 0 1 1 0 1 1 0 0 0 0 0 1 0 1 0 1 0 1 1 1 0 1 0 
1 1 1 1 0 0 0 0 0 0 0 1 1 0 0 0 0 0 0 1 0 0 0 1 1 0 1 0 1 0 0 1 0 0 1 0 1 0 0 0 0 1 1 0 1 0 0 1 1 1 1 1 1 1 1 0 0 0 1 0 0 1 0 
1 1 0 1 0 1 1 1 1 1 0 0 1 1 0 1 0 0 0 0 0 1 0 0 1 0 0 0 0 1 1 1 0 1 0 0 0 1 0 1 1 1 1 1 1 1 0 1 1 0 0 1 0 0 0 1 1 1 0 1 1 1 1 
0 0 1 1 0 0 1 1 1 1 0 0 1 1 0 0 0 1 1 0 1 0 0 0 1 0 0 1 0 0 1 0 0 0 1 1 0 0 0 0 1 0 0 1 0 1 0 1 0 1 0 1 1 0 0 0 1 1 1 0 1 0 1 
0 1 1 0 0 1 1 1 1 0 0 1 1 0 0 0 1 1 0 1 0 0 0 1 0 0 1 0 0 1 0 0 0 1 1 0 0 0 0 1 0 0 1 0 1 0 1 0 1 0 1 1 0 0 0 1 1 1 0 1 0 1 0 
0 0 1 1 1 1 0 0 0 1 1 1 0 0 0 0 1 0 0 0 0 0 1 1 1 0 0 1 1 0 0 1 1 0 1 1 1 1 0 1 0 0 1 1 0 0 0 1 0 0 0 1 0 1 0 0 0 1 0 0 0 0 1 
0 0 0 0 0 1 1 1 0 1 1 0 1 0 0 0 0 1 1 1 1 1 1 1 0 0 1 1 1 1 1 1 0 1 1 1 0 0 1 0 1 0 1 1 0 1 1 0 1 0 1 1 1 1 0 0 1 0 1 1 0 0 0 
0 1 0 1 1 1 0 0 0 0 1 1 0 1 1 0 0 0 1 0 0 1 1 1 0 0 1 1 1 0 0 0 0 0 0 1 1 0 1 0 1 1 0 0 1 0 0 1 1 0 0 0 0 0 1 1 1 1 0 0 0 0 1 
0 1 1 0 0 0 0 1 1 0 0 1 1 1 0 0 1 0 1 1 1 0 1 1 0 1 1 0 1 1 1 0 0 1 1 1 1 0 1 1 0 1 0 1 0 1 0 1 0 0 1 1 1 0 0 0 1 0 1 0 1 1 0 
0 1 1 1 0 0 0 1 1 1 1 0 1 1 1 1 1 0 0 0 1 1 0 0 1 1 0 0 1 0 0 0 0 1 0 1 1 0 0 1 1 1 0 1 1 1 0 1 0 1 1 1 0 1 1 1 1 0 1 1 0 0 0 
0 0 0 0 1 0 0 1 1 0 1 1 1 0 0 0 1 0 0 0 0 0 0 1 0 1 0 0 0 0 0 1 1 0 0 1 0 1 1 1 1 1 0 1 1 0 1 1 1 1 0 0 0 1 0 1 1 1 0 1 0 0 0 
0 0 0 1 0 0 1 1 0 1 1 1 0 0 0 1 0 0 0 0 0 0 1 0 1 0 0 0 0 0 1 1 0 0 1 0 1 1 1 1 1 0 1 1 0 1 1 1 1 0 0 0 1 0 1 1 1 0 1 0 0 0 0 
0 0 1 1 0 1 1 0 1 0 0 1 0 0 0 1 0 0 1 1 0 0 1 0 1 0 1 0 0 0 0 0 0 1 1 1 1 1 0 1 1 1 1 0 0 1 1 1 0 1 0 1 1 0 0 0 0 1 0 1 1 1 0 
0 1 1 1 0 0 1 1 1 0 0 0 0 0 0 1 1 0 1 0 1 1 0 0 1 0 0 1 1 0 0 0 0 0 1 1 1 1 0 0 0 0 1 0 1 0 1 1 1 0 0 0 0 1 1 0 1 1 0 0 0 1 0 
1 0 1 1 0 0 1 0 1 0 0 0 1 1 0 1 1 1 1 1 1 1 1 1 0 1 0 0 1 0 0 1 1 1 1 1 0 1 0 1 0 1 0 0 0 1 0 1 0 1 0 0 1 0 1 1 1 0 0 1 1 0 1 
0 1 0 1 1 0 0 0 1 1 1 0 1 0 1 0 0 1 1 0 0 1 1 1 1 0 0 1 1 0 0 0 1 1 0 1 0 0 0 1 0 0 1 0 0 1 0 0 0 1 1 0 0 0 0 1 0 0 1 0 1 0 1 
0 0 1 0 0 1 0 0 1 0 0 0 1 1 0 0 0 0 1 0 0 1 0 1 0 1 0 1 0 1 1 0 0 0 1 1 1 0 1 0 1 0 0 1 1 0 0 1 1 1 1 0 0 1 1 0 0 0 1 1 0 1 0 
0 0 1 0 1 1 1 0 1 1 0 1 1 0 1 1 1 0 0 1 1 1 1 0 1 1 0 1 0 1 0 1 0 1 0 0 1 1 1 0 0 0 1 0 1 0 1 1 0 0 1 1 0 0 0 0 1 1 0 0 1 1 1 
0 1 1 1 1 0 0 1 0 0 1 1 1 0 1 1 0 0 0 1 1 0 0 0 1 1 1 1 1 1 0 0 1 0 1 0 0 1 1 0 1 1 0 0 1 1 1 1 1 0 0 0 0 1 1 1 1 0 1 0 1 0 0 
1 0 0 0 1 0 0 1 1 1 0 0 1 1 1 0 0 0 0 0 0 1 1 0 1 0 1 1 0 0 1 0 0 1 1 0 0 0 0 0 1 1 1 1 0 0 0 0 1 0 1 0 1 1 1 0 0 0 0 1 1 0 1 
0 1 1 1 1 0 0 1 0 1 1 0 0 0 0 0 0 0 0 1 1 1 0 1 1 0 1 0 0 0 0 1 1 1 1 1 1 1 0 0 1 1 1 1 1 1 0 1 1 1 0 0 1 0 1 0 1 1 0 1 1 0 1 
1 0 0 1 1 1 1 1 0 0 0 0 1 1 1 1 0 1 0 1 0 0 0 1 1 1 1 0 0 1 0 0 1 1 1 0 1 1 0 0 0 1 1 0 0 0 1 1 1 1 1 1 0 0 1 0 1 0 0 1 1 0 1 
0 0 1 1 1 0 1 0 0 0 1 0 1 1 1 1 1 1 1 0 1 1 0 0 1 0 0 0 1 1 1 0 1 1 1 1 1 1 0 1 0 1 1 1 1 1 0 0 1 1 0 1 0 0 0 0 0 1 0 0 1 0 0 
0 0 0 1 1 0 0 0 0 1 0 0 1 0 1 0 1 0 1 0 1 1 0 0 0 1 1 1 0 1 0 1 0 0 1 1 0 0 1 1 1 1 0 0 1 1 0 0 0 1 1 0 1 0 0 0 1 0 0 1 0 0 1 
0 1 0 1 0 0 1 1 0 1 1 0 0 1 1 1 1 1 0 0 0 0 1 1 1 1 0 1 0 1 0 0 0 1 1 1 1 0 0 1 0 0 1 1 1 0 1 1 0 0 0 1 1 0 0 0 1 1 1 1 1 1 0 
1 0 1 1 0 1 0 1 1 1 1 0 0 1 0 1 1 0 0 0 0 0 0 0 0 1 1 1 0 1 1 0 1 0 0 0 0 1 1 1 1 1 1 1 0 0 1 1 1 1 1 1 0 1 1 1 0 0 1 0 1 0 1 
0 0 0 0 0 0 1 0 1 0 0 0 0 0 1 1 0 0 1 0 1 1 1 1 1 0 1 1 0 1 1 1 1 0 0 0 1 0 1 1 1 0 1 0 0 0 0 0 0 0 1 0 0 1 1 0 1 1 1 0 0 0 1 
0 1 1 1 0 0 0 1 0 1 0 1 1 0 0 1 1 0 0 0 0 1 1 0 0 1 1 1 0 0 1 0 1 1 1 0 1 1 0 1 1 0 1 1 1 0 0 1 1 1 1 0 1 1 0 1 0 1 0 1 0 1 0 
0 1 1 1 0 0 0 0 1 1 0 1 1 0 0 0 1 0 0 1 1 1 0 0 1 1 1 0 0 0 0 0 0 1 1 0 1 0 1 1 0 0 1 0 0 1 1 0 0 0 0 0 1 1 1 1 0 0 0 0 1 0 1 
1 0 1 1 1 1 1 1 1 1 1 0 1 0 0 1 0 0 1 1 1 1 1 0 1 0 1 0 1 0 0 0 1 0 1 0 1 0 0 1 0 1 1 1 0 0 1 1 0 1 1 0 1 1 0 0 1 0 1 0 0 0 1 
1 1 1 0 0 1 0 1 0 1 1 0 1 1 0 1 0 1 1 1 1 0 0 1 0 1 1 0 0 0 0 0 0 0 0 1 1 1 0 1 1 0 1 0 0 0 0 1 1 1 1 1 1 1 0 0 1 1 1 1 1 1 0 
0 1 1 1 1 1 0 1 0 1 0 1 0 0 0 1 0 1 0 1 0 0 1 0 1 1 1 0 0 1 1 0 1 1 0 1 1 0 0 1 0 1 0 0 0 1 1 0 1 1 1 1 1 1 1 1 1 0 1 0 0 1 0 
1 0 1 0 1 0 0 1 0 1 1 1 0 0 1 1 0 1 1 0 1 1 0 0 1 0 1 0 0 0 1 1 0 1 1 1 1 1 1 1 1 1 0 1 0 0 1 0 0 1 1 1 1 1 0 1 0 1 0 1 0 0 0 
1 1 1 0 0 0 0 0 0 0 1 1 0 0 0 0 0 0 1 0 0 0 1 1 0 1 0 1 0 0 1 0 0 1 0 1 0 0 0 0 1 1 0 1 0 0 1 1 1 1 1 1 1 1 0 0 0 1 0 0 1 0 1 
0 0 0 1 0 1 0 1 0 0 1 0 1 1 1 0 0 1 1 0 1 1 0 1 1 0 0 1 0 1 0 0 0 1 1 0 1 1 1 1 1 1 1 1 1 0 1 0 0 1 0 0 1 1 1 1 1 0 1 0 1 0 1 
1 1 1 0 0 1 1 0 0 1 1 0 1 1 1 1 0 1 0 0 1 1 0 0 0 1 0 0 0 1 0 1 0 0 0 1 0 0 0 0 1 0 0 1 1 1 1 0 0 0 1 1 1 0 0 0 0 1 0 0 0 0 0 
1 1 1 1 1 1 0 1 0 1 1 1 1 1 0 0 1 1 0 1 0 0 0 0 0 1 0 0 1 0 0 0 0 1 1 1 0 1 0 0 0 1 0 1 1 1 1 1 1 1 0 1 1 0 0 1 0 0 0 1 1 1 0 
1 0 0 0 0 0 1 0 1 0 1 0 1 1 1 0 1 0 1 0 1 1 0 1 0 0 0 1 1 0 0 1 0 0 1 0 0 1 1 0 1 0 1 1 1 0 0 1 0 0 0 0 0 0 0 0 0 1 0 1 1 0 1 
0 0 0 1 1 0 1 1 1 1 1 1 1 1 1 0 1 0 0 1 0 0 1 1 1 1 1 0 1 0 1 0 1 0 0 0 1 0 1 0 1 0 0 1 0 1 1 1 0 0 1 1 0 1 1 0 1 1 0 0 1 0 1 
0 0 1 0 0 1 0 1 1 0 1 1 1 0 1 1 0 0 1 1 0 1 0 1 0 1 1 1 1 1 1 0 0 0 0 0 1 0 0 0 0 1 1 0 0 0 1 0 1 0 0 1 1 1 1 0 1 0 0 0 1 1 1 
0 1 1 1 1 1 0 0 1 1 0 1 0 0 0 0 0 1 0 0 1 0 0 0 0 1 1 1 0 1 0 0 0 1 0 1 1 1 1 1 1 1 0 1 1 0 0 1 0 0 0 1 1 1 0 1 1 1 1 1 1 0 1 
0 0 1 1 1 1 1 1 1 1 0 0 0 1 0 0 1 0 1 1 1 1 0 0 0 0 0 0 0 1 1 0 0 0 0 0 0 1 0 0 0 1 1 0 1 0 1 0 0 1 0 0 1 0 1 0 0 0 0 1 1 0 1 
0 0 0 1 1 1 0 0 0 1 1 1 1 0 1 1 1 1 1 0 0 0 1 1 0 0 1 1 0 0 1 0 0 0 0 1 0 1 1 0 0 1 1 1 0 1 1 1 0 1 0 1 1 1 0 1 1 1 1 0 1 1 0 


; Maximum HD = 138, Minimum HD = 100 
; Maximum Row HD = 63, Minimum Row HD = 27 
