0 0 1 1 0 1 0 0 1 1 0 1 1 1 1 
0 0 0 1 1 0 1 0 1 0 0 0 1 1 0 
0 0 0 1 0 1 0 0 1 0 1 1 1 1 0 
1 1 0 1 0 1 0 1 1 1 0 0 0 0 1 
0 0 0 0 1 0 0 0 1 0 0 0 1 0 1 
1 1 0 1 1 0 1 0 1 0 0 1 1 0 0 
1 1 1 0 1 0 1 1 0 1 1 1 0 0 0 
0 1 1 0 0 1 1 1 0 1 0 0 0 1 0 
1 0 1 1 0 1 1 1 1 0 0 0 0 0 1 
1 1 1 0 1 1 0 0 1 1 0 0 0 1 0 
1 0 1 1 0 1 1 0 0 1 1 1 0 1 1 
0 0 0 0 1 1 1 1 1 1 1 1 0 1 1 
0 0 1 0 1 1 1 1 1 1 1 1 0 0 0 
0 0 0 0 1 1 1 0 1 1 1 1 1 0 0 
0 1 0 0 1 1 1 1 0 1 1 0 0 1 0 
0 0 0 0 0 1 1 1 0 0 1 0 1 0 1 
0 1 1 1 0 1 0 1 0 0 0 1 0 1 0 
0 1 0 1 1 0 1 0 1 1 0 1 0 1 1 
1 0 1 1 1 0 0 0 0 0 0 1 0 0 0 
0 0 0 0 0 0 0 0 1 0 1 0 1 1 0 
0 0 1 0 0 0 1 0 1 0 0 0 0 1 0 
1 0 0 0 0 1 1 0 1 0 1 0 0 0 1 
0 0 0 0 0 1 0 1 0 1 0 1 0 0 1 
0 1 1 0 0 1 0 0 1 1 1 1 1 0 1 
1 0 1 1 1 0 1 0 0 0 1 1 1 1 1 
0 0 0 0 1 1 0 0 1 0 1 1 0 0 1 
1 1 1 0 0 0 0 1 0 0 1 0 1 1 1 
0 0 1 1 1 1 0 0 0 1 0 1 0 1 0 
0 0 0 0 0 0 1 1 0 1 1 1 0 1 1 
1 0 0 0 1 1 1 0 0 1 1 1 1 1 1 
0 0 0 1 0 1 1 1 0 0 0 0 0 0 1 
1 0 0 1 1 0 0 1 1 1 1 0 0 0 1 
0 1 1 1 0 1 1 1 1 1 0 0 0 0 0 
0 0 1 1 0 0 0 1 0 0 1 0 0 0 0 
1 0 1 0 0 1 0 0 0 1 1 1 0 0 0 
0 0 1 0 1 0 1 1 1 0 0 1 1 1 1 
0 1 1 0 0 0 1 1 1 1 0 1 0 0 0 
1 0 1 1 1 0 0 1 1 1 1 0 0 1 0 
1 0 0 1 0 1 0 1 1 0 0 1 1 0 0 
0 0 0 0 0 0 1 0 0 1 0 0 1 0 1 
1 1 1 1 0 0 1 0 1 1 1 0 1 1 1 
0 1 1 1 0 0 1 0 0 1 0 1 1 0 1 
1 0 1 1 1 0 0 0 0 1 0 0 0 1 1 
1 0 1 1 0 0 0 1 0 1 1 0 1 1 1 
1 0 1 0 1 0 1 0 1 1 1 0 1 1 0 
1 0 0 1 0 0 1 1 0 0 1 0 0 0 1 
0 0 1 0 1 0 0 1 0 0 1 0 1 1 1 
1 1 0 1 1 1 0 0 0 1 0 0 0 1 1 
0 0 1 0 0 0 0 0 1 0 1 0 1 0 1 
1 1 0 1 1 0 1 0 0 1 1 0 0 0 1 
0 1 0 1 1 1 0 0 0 0 1 1 1 0 1 
0 0 1 0 0 0 1 1 1 0 1 1 1 0 0 
1 0 0 1 1 0 1 0 0 0 1 1 1 0 0 
1 0 0 1 1 0 1 0 1 1 0 0 0 0 1 
0 0 1 0 1 0 0 0 0 0 1 0 0 0 0 
1 1 0 1 1 1 0 0 1 1 1 0 1 0 1 
0 0 1 0 0 0 1 0 0 0 1 0 1 0 0 
1 1 0 1 0 0 1 1 0 1 1 1 1 0 0 
1 0 1 1 0 1 1 1 1 1 0 1 0 1 0 
1 1 1 1 1 0 0 0 1 0 1 1 0 0 0 
0 0 0 0 0 1 0 0 0 0 1 1 1 0 0 
1 1 0 1 0 0 0 1 0 1 0 1 0 1 1 
0 1 1 1 0 0 0 1 1 1 0 1 0 1 1 
0 1 0 0 1 0 1 0 0 1 1 0 0 0 0 
1 1 1 1 1 0 1 0 1 1 1 1 1 0 1 
1 0 1 0 1 0 1 0 1 0 0 0 1 0 0 
1 1 0 0 0 0 0 0 0 1 0 0 0 0 1 
1 0 0 1 0 1 0 1 0 1 1 0 0 0 1 
0 1 1 0 0 0 1 1 1 0 0 0 0 1 1 
0 1 0 0 0 1 1 1 1 1 0 1 1 1 0 
0 1 0 0 0 0 1 1 0 0 1 0 1 1 0 
1 0 0 0 1 0 0 1 0 1 1 0 0 1 1 
1 0 0 1 0 1 0 1 1 0 1 0 1 0 1 
0 0 1 0 1 1 0 0 0 1 1 1 1 1 0 
0 1 0 1 0 0 0 1 1 1 0 1 0 0 0 
1 1 0 1 1 0 0 0 1 0 0 0 0 1 0 
1 0 1 0 0 0 1 1 1 1 0 0 0 1 0 
0 0 0 0 1 0 0 0 0 0 1 0 0 1 1 
1 1 0 0 0 1 1 1 0 1 1 0 1 0 0 
1 1 1 0 0 0 1 1 1 1 0 0 1 0 0 
0 0 0 1 1 0 0 1 1 1 1 1 1 0 1 
1 1 0 0 0 0 1 0 1 0 0 1 0 1 1 
0 1 1 0 1 0 1 1 0 1 1 0 1 0 0 
1 1 1 0 1 0 0 0 1 0 0 1 1 0 0 
1 1 0 0 1 0 0 1 1 1 0 0 0 1 1 
1 0 0 0 1 0 0 0 0 1 1 0 1 0 0 
0 1 0 0 0 0 0 0 0 0 0 0 1 1 0 
1 0 0 0 0 0 0 1 0 0 0 1 0 1 1 
0 0 1 0 1 1 1 0 0 1 1 0 0 0 0 
0 1 1 0 0 0 1 0 1 0 1 1 1 0 1 
0 1 1 0 0 1 1 1 0 1 1 1 0 1 1 
0 0 1 1 1 1 1 1 1 1 0 1 1 0 0 
1 0 0 1 1 1 1 1 1 1 1 1 0 1 0 
1 0 0 1 0 0 1 0 1 1 1 0 0 1 0 
1 0 1 0 0 0 1 0 0 1 0 1 0 1 0 
0 0 1 1 1 1 1 0 0 1 1 1 1 0 1 
1 1 1 1 0 1 0 0 0 0 0 0 0 0 1 
0 1 1 0 1 1 1 1 0 0 1 1 0 1 0 
0 1 1 0 1 0 0 0 0 1 0 0 1 0 0 
1 1 1 0 0 0 1 0 1 0 0 1 0 0 0 
0 0 0 1 0 0 0 0 1 0 0 0 0 1 0 
1 0 1 1 0 0 0 0 0 0 1 1 0 1 1 
1 0 0 1 0 0 0 0 1 0 0 1 1 1 0 
1 0 0 0 1 1 1 1 1 1 0 1 1 1 0 
0 1 1 1 1 1 1 1 0 1 0 0 1 0 1 
1 1 1 1 1 0 1 1 1 1 1 1 0 1 0 
0 0 0 1 1 0 0 1 0 0 0 0 0 0 0 
0 0 1 0 0 1 1 1 1 0 1 1 0 0 1 
0 0 1 0 0 1 1 1 0 0 0 1 1 1 1 
1 0 1 1 1 0 1 1 0 0 0 0 0 0 1 
0 1 1 0 1 1 0 1 1 0 1 1 0 1 1 
0 0 1 1 1 0 0 0 1 1 0 0 0 0 0 
0 1 1 1 0 0 0 0 1 1 1 0 1 0 1 
0 1 1 1 0 0 0 1 0 0 1 0 1 1 0 
0 0 0 1 1 0 1 0 0 1 1 1 0 1 1 
0 1 1 1 1 1 0 0 1 0 0 1 0 0 0 
0 0 0 1 1 1 1 1 0 0 1 0 0 1 0 
0 0 1 0 0 1 0 1 1 1 1 1 1 0 0 
1 1 1 1 0 0 0 1 1 0 1 0 1 0 1 
0 0 0 0 0 0 0 0 1 1 0 0 1 0 0 
1 0 1 0 1 1 1 1 0 0 1 0 0 0 0 
1 1 0 1 0 0 1 0 1 1 0 1 1 0 1 
0 1 0 1 0 0 0 0 1 1 0 1 1 1 1 
0 0 0 0 0 0 1 1 0 0 0 1 0 0 1 
1 1 1 0 1 1 0 1 0 1 0 1 0 1 0 
1 1 1 1 0 1 1 0 0 1 0 0 1 0 0 
1 1 0 0 0 0 0 0 1 0 0 0 1 0 1 
1 1 0 1 0 1 0 0 0 0 0 0 0 1 0 
0 0 1 1 0 0 1 0 1 0 1 0 1 1 0 
1 0 0 0 1 1 0 0 1 0 1 0 1 0 1 
1 0 1 1 1 0 0 1 0 1 1 1 1 0 1 
0 0 1 0 0 1 0 1 1 0 0 1 1 1 0 
1 0 0 0 0 1 0 0 0 1 1 1 0 1 1 
1 0 0 1 0 1 0 0 0 1 1 0 1 1 0 
1 0 0 0 1 1 1 1 0 0 0 1 0 1 0 
1 1 1 0 0 1 0 0 1 0 0 0 0 1 1 
1 1 0 0 1 1 0 0 0 1 1 0 1 1 1 
1 1 1 1 1 1 0 0 1 1 1 0 1 1 0 
1 1 1 0 0 0 1 0 1 1 1 1 0 1 0 
0 0 0 1 0 1 0 0 1 1 0 1 1 0 0 
1 1 0 1 1 1 0 0 0 0 1 0 0 0 1 
1 1 0 1 1 0 0 1 1 1 0 1 1 1 0 
0 1 1 0 1 0 1 1 0 0 1 1 1 1 1 
0 1 0 0 0 1 1 1 1 1 1 0 1 1 1 
1 1 1 1 0 0 1 0 0 0 0 1 0 1 0 
0 0 1 0 1 0 0 1 0 1 1 1 1 0 0 
1 0 0 0 1 1 1 1 0 1 0 0 0 0 1 
1 0 0 1 0 1 1 1 1 1 1 0 0 0 0 
0 0 0 1 1 0 1 1 1 1 1 0 0 1 1 
1 1 0 1 1 1 0 1 1 0 0 0 0 0 0 
0 1 1 1 1 0 1 1 0 1 0 0 0 0 0 
1 0 0 1 0 1 1 0 1 0 1 1 1 0 0 
0 1 0 1 1 0 1 1 0 0 0 1 0 0 0 
1 1 1 0 1 0 1 0 1 0 1 1 0 1 1 
0 1 1 1 1 0 0 0 1 0 1 0 1 0 0 
1 1 1 0 0 1 0 0 0 1 0 0 1 1 1 
0 0 0 0 0 1 1 0 0 1 1 1 0 0 1 
0 0 1 1 1 1 1 1 0 0 0 1 0 0 0 
1 1 1 0 0 0 1 1 1 0 1 0 1 1 0 
0 1 0 0 1 0 0 1 0 1 1 1 0 0 1 
1 1 0 1 1 0 1 0 1 1 1 1 1 1 0 
1 0 0 1 0 0 1 1 0 1 1 1 0 1 0 
1 0 0 1 0 0 1 1 0 0 0 1 0 0 0 
1 0 0 1 1 1 0 0 0 0 1 0 1 1 1 
1 1 1 0 1 1 1 0 0 1 0 0 0 1 1 
1 0 1 1 0 0 0 0 1 1 0 0 1 1 0 
1 1 1 1 1 1 1 0 0 1 1 0 1 1 1 
0 1 0 0 1 1 1 0 0 1 1 0 1 0 1 
0 0 1 0 1 1 0 1 0 0 1 0 0 1 0 
0 1 1 0 0 0 0 0 0 0 1 1 1 0 0 
0 1 1 1 0 1 1 0 1 1 1 1 1 1 0 
1 1 1 1 1 0 0 1 0 1 1 1 0 1 1 
0 0 1 0 0 1 0 0 0 0 0 0 1 1 0 
1 0 1 0 1 1 0 1 0 1 1 0 1 0 1 
0 0 0 1 1 0 1 1 0 1 1 1 1 0 0 
1 1 0 0 0 1 0 1 0 0 1 0 0 0 1 
1 0 1 1 0 1 0 0 0 0 1 1 1 1 0 
1 1 1 1 1 1 0 0 0 0 0 1 0 1 1 
1 0 1 0 1 0 1 1 1 0 1 1 0 1 0 
0 0 0 1 1 1 1 0 1 1 0 1 0 0 0 
0 1 0 0 0 1 1 0 1 1 0 1 0 0 1 
0 0 1 1 1 1 0 0 1 0 1 0 1 1 1 
1 1 1 0 0 1 0 0 0 0 0 1 1 0 0 
1 0 1 1 1 0 1 1 1 0 0 1 1 1 0 
0 1 0 0 1 0 0 1 0 1 0 0 0 0 0 
1 0 1 0 1 0 0 0 1 0 0 1 0 1 0 
0 1 0 1 1 1 1 0 0 0 0 1 0 1 0 
1 0 0 0 0 1 1 1 1 0 0 1 1 1 1 
0 0 1 0 0 0 1 1 1 1 0 1 1 1 0 
1 0 0 1 1 1 1 1 1 0 0 1 0 0 0 
1 1 0 1 0 0 0 1 1 1 1 1 1 0 1 
1 0 1 1 0 0 1 0 1 1 1 0 0 0 1 
0 1 1 0 0 1 0 1 0 1 0 1 1 0 0 
0 0 0 1 0 0 1 0 1 0 0 1 1 0 0 
1 0 0 0 1 1 0 1 1 0 1 0 0 1 0 
0 1 0 1 0 1 1 1 0 0 1 1 1 1 0 
0 0 0 1 1 1 1 0 1 0 1 1 0 1 0 
1 1 0 0 0 0 0 1 1 0 1 1 0 1 1 
0 1 1 0 1 0 0 1 0 1 1 1 0 1 0 
1 1 1 1 0 1 0 0 1 0 0 1 1 1 0 
1 0 1 0 1 1 1 1 0 1 1 1 0 1 1 
1 0 1 1 0 1 0 0 0 1 0 1 1 0 0 
1 0 1 1 1 1 1 0 0 0 0 0 0 1 1 
0 1 1 0 0 0 0 0 0 0 0 0 1 0 1 
1 0 0 1 0 1 0 0 1 1 1 1 0 0 1 
0 0 1 0 1 1 1 0 1 1 1 1 1 1 1 
1 1 1 0 1 1 1 1 0 0 1 0 1 1 0 
1 1 1 1 0 1 0 1 1 1 1 1 0 1 1 
1 1 0 0 1 0 1 1 1 0 0 0 1 1 0 
1 0 0 1 0 0 1 1 1 1 0 1 1 0 0 
0 1 0 1 1 0 1 1 1 1 0 1 1 0 0 


; Maximum HD = 122, Minimum HD = 88 
; Maximum Row HD = 15, Minimum Row HD = 3 
