1 0 0 0 0 0 1 1 0 0 1 1 1 0 0 
0 0 0 0 1 0 0 0 1 0 1 1 1 0 0 
0 1 0 0 1 1 0 1 0 1 1 1 1 0 0 
1 1 0 0 0 1 1 0 1 1 1 1 1 0 0 
0 0 1 0 1 1 1 0 0 0 0 0 0 1 0 
1 0 1 0 0 1 0 1 1 0 0 0 0 1 0 
1 1 1 0 0 0 0 0 0 1 0 0 0 1 0 
0 1 1 0 1 0 1 1 1 1 0 0 0 1 0 
0 1 0 0 1 0 0 1 0 0 1 0 0 1 0 
1 1 0 0 0 0 1 0 1 0 1 0 0 1 0 
1 0 0 0 0 1 1 1 0 1 1 0 0 1 0 
0 0 0 0 1 1 0 0 1 1 1 0 0 1 0 
1 0 0 1 0 1 1 0 0 0 0 1 0 1 0 
0 0 0 1 1 1 0 1 1 0 0 1 0 1 0 
0 1 0 1 1 0 0 0 0 1 0 1 0 1 0 
1 1 0 1 0 0 1 1 1 1 0 1 0 1 0 
1 1 1 1 0 0 0 1 0 0 1 1 0 1 0 
0 1 1 1 1 0 1 0 1 0 1 1 0 1 0 
0 0 1 1 1 1 1 1 0 1 1 1 0 1 0 
1 0 1 1 0 1 0 0 1 1 1 1 0 1 0 
0 1 1 1 0 0 1 0 0 0 0 0 1 1 0 
1 1 1 1 1 0 0 1 1 0 0 0 1 1 0 
1 0 1 1 1 1 0 0 0 1 0 0 1 1 0 
0 0 1 1 0 1 1 1 1 1 0 0 1 1 0 
0 0 0 1 0 1 0 1 0 0 1 0 1 1 0 
1 0 0 1 1 1 1 0 1 0 1 0 1 1 0 
1 1 0 1 1 0 1 1 0 1 1 0 1 1 0 
0 1 0 1 0 0 0 0 1 1 1 0 1 1 0 
1 1 0 0 1 0 1 0 0 0 0 1 1 1 0 
0 1 0 0 0 0 0 1 1 0 0 1 1 1 0 
0 0 0 0 0 1 0 0 0 1 0 1 1 1 0 
1 0 0 0 1 1 1 1 1 1 0 1 1 1 0 
1 0 1 0 1 1 0 1 0 0 1 1 1 1 0 
0 0 1 0 0 1 1 0 1 0 1 1 1 1 0 
0 1 1 0 0 0 1 1 0 1 1 1 1 1 0 
1 1 1 0 1 0 0 0 1 1 1 1 1 1 0 
0 0 0 1 0 1 1 1 0 0 0 0 0 0 1 
1 0 0 1 1 1 0 0 1 0 0 0 0 0 1 
1 1 0 1 1 0 0 1 0 1 0 0 0 0 1 
0 1 0 1 0 0 1 0 1 1 0 0 0 0 1 
0 1 1 1 0 0 0 0 0 0 1 0 0 0 1 
1 1 1 1 1 0 1 1 1 0 1 0 0 0 1 
1 0 1 1 1 1 1 0 0 1 1 0 0 0 1 
0 0 1 1 0 1 0 1 1 1 1 0 0 0 1 
1 0 1 0 1 1 1 1 0 0 0 1 0 0 1 
0 0 1 0 0 1 0 0 1 0 0 1 0 0 1 
0 1 1 0 0 0 0 1 0 1 0 1 0 0 1 
1 1 1 0 1 0 1 0 1 1 0 1 0 0 1 
1 1 0 0 1 0 0 0 0 0 1 1 0 0 1 
0 1 0 0 0 0 1 1 1 0 1 1 0 0 1 
0 0 0 0 0 1 1 0 0 1 1 1 0 0 1 
1 0 0 0 1 1 0 1 1 1 1 1 0 0 1 
0 1 0 0 1 0 1 1 0 0 0 0 1 0 1 
1 1 0 0 0 0 0 0 1 0 0 0 1 0 1 
1 0 0 0 0 1 0 1 0 1 0 0 1 0 1 
0 0 0 0 1 1 1 0 1 1 0 0 1 0 1 
0 0 1 0 1 1 0 0 0 0 1 0 1 0 1 
1 0 1 0 0 1 1 1 1 0 1 0 1 0 1 
1 1 1 0 0 0 1 0 0 1 1 0 1 0 1 
0 1 1 0 1 0 0 1 1 1 1 0 1 0 1 
1 1 1 1 0 0 1 1 0 0 0 1 1 0 1 
0 1 1 1 1 0 0 0 1 0 0 1 1 0 1 
0 0 1 1 1 1 0 1 0 1 0 1 1 0 1 
1 0 1 1 0 1 1 0 1 1 0 1 1 0 1 
1 0 0 1 0 1 0 0 0 0 1 1 1 0 1 
0 0 0 1 1 1 1 1 1 0 1 1 1 0 1 
0 1 0 1 1 0 1 0 0 1 1 1 1 0 1 
1 1 0 1 0 0 0 1 1 1 1 1 1 0 1 
0 0 1 1 1 0 0 1 0 0 0 0 0 1 1 
1 0 1 1 0 0 1 0 1 0 0 0 0 1 1 
1 1 1 1 0 1 1 1 0 1 0 0 0 1 1 
0 1 1 1 1 1 0 0 1 1 0 0 0 1 1 
0 1 0 1 1 1 1 0 0 0 1 0 0 1 1 
1 1 0 1 0 1 0 1 1 0 1 0 0 1 1 
1 0 0 1 0 0 0 0 0 1 1 0 0 1 1 
0 0 0 1 1 0 1 1 1 1 1 0 0 1 1 
1 0 0 0 0 0 0 1 0 0 0 1 0 1 1 
0 0 0 0 1 0 1 0 1 0 0 1 0 1 1 
0 1 0 0 1 1 1 1 0 1 0 1 0 1 1 
1 1 0 0 0 1 0 0 1 1 0 1 0 1 1 
1 1 1 0 0 1 1 0 0 0 1 1 0 1 1 
0 1 1 0 1 1 0 1 1 0 1 1 0 1 1 
0 0 1 0 1 0 0 0 0 1 1 1 0 1 1 
1 0 1 0 0 0 1 1 1 1 1 1 0 1 1 
0 1 1 0 0 1 0 1 0 0 0 0 1 1 1 
1 1 1 0 1 1 1 0 1 0 0 0 1 1 1 
1 0 1 0 1 0 1 1 0 1 0 0 1 1 1 
0 0 1 0 0 0 0 0 1 1 0 0 1 1 1 
0 0 0 0 0 0 1 0 0 0 1 0 1 1 1 
1 0 0 0 1 0 0 1 1 0 1 0 1 1 1 
1 1 0 0 1 1 0 0 0 1 1 0 1 1 1 
0 1 0 0 0 1 1 1 1 1 1 0 1 1 1 
1 1 0 1 1 1 0 1 0 0 0 1 1 1 1 
0 1 0 1 0 1 1 0 1 0 0 1 1 1 1 
0 0 0 1 0 0 1 1 0 1 0 1 1 1 1 
1 0 0 1 1 0 0 0 1 1 0 1 1 1 1 
1 0 1 1 1 0 1 0 0 0 1 1 1 1 1 
0 0 1 1 0 0 0 1 1 0 1 1 1 1 1 
0 1 1 1 0 1 0 0 0 1 1 1 1 1 1 
1 1 1 1 1 1 1 1 1 1 1 1 1 1 1 


; Maximum HD = 64, Minimum HD = 48 
; Maximum row HD = 15, Minimum row HD = 5 
