0 1 0 0 0 0 1 1 0 0 1 0 1 1 0 
1 0 0 0 1 0 0 1 0 1 1 0 0 1 1 
1 0 0 1 0 1 0 1 1 0 1 0 1 0 1 
0 0 1 0 1 1 0 0 0 1 1 1 1 1 0 
0 1 0 1 0 0 0 1 1 1 0 1 0 0 0 
1 1 0 1 1 0 0 0 1 0 0 0 0 1 0 
1 0 1 0 0 0 1 1 1 1 0 0 0 1 0 
0 0 0 0 1 0 0 0 0 0 1 0 0 1 1 
1 1 0 0 0 1 1 1 0 1 1 0 1 0 0 
1 1 1 0 0 0 1 1 1 1 0 0 1 0 0 
0 0 0 1 1 0 0 1 1 1 1 1 1 0 1 
1 1 0 0 0 0 1 0 1 0 0 1 0 1 1 
0 1 1 0 1 0 1 1 0 1 1 0 1 0 0 
1 1 1 0 1 0 0 0 1 0 0 1 1 0 0 
1 1 0 0 1 0 0 1 1 1 0 0 0 1 1 
1 0 0 0 1 0 0 0 0 1 1 0 1 0 0 
0 1 0 0 0 0 0 0 0 0 0 0 1 1 0 
1 0 0 0 0 0 0 1 0 0 0 1 0 1 1 
0 0 1 0 1 1 1 0 0 1 1 0 0 0 0 
0 1 1 0 0 0 1 0 1 0 1 1 1 0 1 
0 1 1 0 0 1 1 1 0 1 1 1 0 1 1 
0 0 1 1 1 1 1 1 1 1 0 1 1 0 0 
1 0 0 1 1 1 1 1 1 1 1 1 0 1 0 
1 0 0 1 0 0 1 0 1 1 1 0 0 1 0 
1 0 1 0 0 0 1 0 0 1 0 1 0 1 0 
0 0 1 1 1 1 1 0 0 1 1 1 1 0 1 
1 1 1 1 0 1 0 0 0 0 0 0 0 0 1 
0 1 1 0 1 1 1 1 0 0 1 1 0 1 0 
0 1 1 0 1 0 0 0 0 1 0 0 1 0 0 
1 1 1 0 0 0 1 0 1 0 0 1 0 0 0 
0 0 0 1 0 0 0 0 1 0 0 0 0 1 0 
1 0 1 1 0 0 0 0 0 0 1 1 0 1 1 
1 0 0 1 0 0 0 0 1 0 0 1 1 1 0 
1 0 0 0 1 1 1 1 1 1 0 1 1 1 0 
0 1 1 1 1 1 1 1 0 1 0 0 1 0 1 
1 1 1 1 1 0 1 1 1 1 1 1 0 1 0 
0 0 0 1 1 0 0 1 0 0 0 0 0 0 0 
0 0 1 0 0 1 1 1 1 0 1 1 0 0 1 
0 0 1 0 0 1 1 1 0 0 0 1 1 1 1 
1 0 1 1 1 0 1 1 0 0 0 0 0 0 1 
0 1 1 0 1 1 0 1 1 0 1 1 0 1 1 
0 0 1 1 1 0 0 0 1 1 0 0 0 0 0 
0 1 1 1 0 0 0 0 1 1 1 0 1 0 1 
0 1 1 1 0 0 0 1 0 0 1 0 1 1 0 
0 0 0 1 1 0 1 0 0 1 1 1 0 1 1 
0 1 1 1 1 1 0 0 1 0 0 1 0 0 0 
0 0 0 1 1 1 1 1 0 0 1 0 0 1 0 
0 0 1 0 0 1 0 1 1 1 1 1 1 0 0 
1 1 1 1 0 0 0 1 1 0 1 0 1 0 1 
0 0 0 0 0 0 0 0 1 1 0 0 1 0 0 
1 0 1 0 1 1 1 1 0 0 1 0 0 0 0 
1 1 0 1 0 0 1 0 1 1 0 1 1 0 1 
0 1 0 1 0 0 0 0 1 1 0 1 1 1 1 
0 0 0 0 0 0 1 1 0 0 0 1 0 0 1 
1 1 1 0 1 1 0 1 0 1 0 1 0 1 0 
1 1 1 1 0 1 1 0 0 1 0 0 1 0 0 
1 1 0 0 0 0 0 0 1 0 0 0 1 0 1 
1 1 0 1 0 1 0 0 0 0 0 0 0 1 0 
0 0 1 1 0 0 1 0 1 0 1 0 1 1 0 
1 0 0 0 1 1 0 0 1 0 1 0 1 0 1 
1 0 1 1 1 0 0 1 0 1 1 1 1 0 1 
0 0 1 0 0 1 0 1 1 0 0 1 1 1 0 
1 0 0 0 0 1 0 0 0 1 1 1 0 1 1 
1 0 0 1 0 1 0 0 0 1 1 0 1 1 0 
1 0 0 0 1 1 1 1 0 0 0 1 0 1 0 
1 1 1 0 0 1 0 0 1 0 0 0 0 1 1 
0 0 1 0 1 1 1 0 0 1 0 1 0 0 1 
1 1 1 1 1 1 0 0 1 1 1 0 1 1 0 
1 1 1 0 0 0 1 0 1 1 1 1 0 1 0 
0 0 0 1 0 1 0 0 1 1 0 1 1 0 0 
1 1 0 1 1 1 0 0 0 0 1 0 0 0 1 
1 1 0 1 1 0 0 1 1 1 0 1 1 1 0 
0 1 1 0 1 0 1 1 0 0 1 1 1 1 1 
0 1 0 0 0 1 1 1 1 1 1 0 1 1 1 
1 1 1 1 0 0 1 0 0 0 0 1 0 1 0 
0 0 1 0 1 0 0 1 0 1 1 1 1 0 0 
1 0 0 0 1 1 1 1 0 1 0 0 0 0 1 
1 0 0 1 0 1 1 1 1 1 1 0 0 0 0 
0 0 0 1 1 0 1 1 1 1 1 0 0 1 1 
1 1 0 1 1 1 0 1 1 0 0 0 0 0 0 
0 1 1 1 1 0 1 1 0 1 0 0 0 0 0 
1 0 0 1 0 1 1 0 1 0 1 1 1 0 0 
0 1 0 1 1 0 1 1 0 0 0 1 0 0 0 
0 1 1 0 1 1 0 1 0 0 0 1 1 0 1 
0 1 1 1 1 0 0 0 1 0 1 0 1 0 0 
1 1 1 0 0 1 0 0 0 1 0 0 1 1 1 
0 0 0 0 0 1 1 0 0 1 1 1 0 0 1 
0 0 1 1 1 1 1 1 0 0 0 1 0 0 0 
1 1 1 0 0 0 1 1 1 0 1 0 1 1 0 
0 1 0 0 1 0 0 1 0 1 1 1 0 0 1 
1 1 0 1 1 0 1 0 1 1 1 1 1 1 0 
1 0 0 1 0 0 1 1 0 1 1 1 0 1 0 
1 0 0 1 0 0 1 1 0 0 0 1 0 0 0 
1 0 0 1 1 1 0 0 0 0 1 0 1 1 1 
1 1 1 0 1 1 1 0 0 1 0 0 0 1 1 
1 0 1 1 0 0 0 0 1 1 0 0 1 1 0 
1 1 1 1 1 1 1 0 0 1 1 0 1 1 1 
0 1 0 0 1 1 1 0 0 1 1 0 1 0 1 
0 0 1 0 1 1 0 1 0 0 1 0 0 1 0 
0 1 1 0 0 0 0 0 0 0 1 1 1 0 0 
0 1 1 1 0 1 1 0 1 1 1 1 1 1 0 
1 1 1 1 1 0 0 1 0 1 1 1 0 1 1 
0 0 1 0 0 1 0 0 0 0 0 0 1 1 0 
1 0 1 0 1 1 0 1 0 1 1 0 1 0 1 
0 0 0 1 1 0 1 1 0 1 1 1 1 0 0 
1 1 0 0 0 1 0 1 0 0 1 0 0 0 1 
1 0 1 1 0 1 0 0 0 0 1 1 1 1 0 
1 1 1 1 1 1 0 0 0 0 0 1 0 1 1 
1 0 1 0 1 0 1 1 1 0 1 1 0 1 0 
0 0 0 1 1 1 1 0 1 1 0 1 0 0 0 
0 1 0 0 0 1 1 0 1 1 0 1 0 0 1 
0 0 1 1 1 1 0 0 1 0 1 0 1 1 1 
1 1 1 0 0 1 0 0 0 0 0 1 1 0 0 
1 0 1 1 1 0 1 1 1 0 0 1 1 1 0 
0 1 0 0 1 0 0 1 0 1 0 0 0 0 0 
1 0 1 0 1 0 0 0 1 0 0 1 0 1 0 
0 1 0 1 1 1 1 0 0 0 0 1 0 1 0 
1 0 0 0 0 1 1 1 1 0 0 1 1 1 1 
0 0 1 0 0 0 1 1 1 1 0 1 1 1 0 
1 0 0 1 1 1 1 1 1 0 0 1 0 0 0 
1 1 0 1 0 0 0 1 1 1 1 1 1 0 1 
1 0 1 1 0 0 1 0 1 1 1 0 0 0 1 
0 1 1 0 0 1 0 1 0 1 0 1 1 0 0 
0 0 0 1 0 0 1 0 1 0 0 1 1 0 0 
1 0 0 0 1 1 0 1 1 0 1 0 0 1 0 
0 1 0 1 0 1 1 1 0 0 1 1 1 1 0 
0 0 0 1 1 1 1 0 1 0 1 1 0 1 0 
1 1 0 0 0 0 0 1 1 0 1 1 0 1 1 
0 1 1 0 1 0 0 1 0 1 1 1 0 1 0 
1 1 1 1 0 1 0 0 1 0 0 1 1 1 0 
1 0 1 0 1 1 1 1 0 1 1 1 0 1 1 
1 0 1 1 0 1 0 0 0 1 0 1 1 0 0 
1 0 1 1 1 1 1 0 0 0 0 0 0 1 1 
0 1 1 0 0 0 0 0 0 0 0 0 1 0 1 
1 0 0 1 0 1 0 0 1 1 1 1 0 0 1 
0 0 1 0 1 1 1 0 1 1 1 1 1 1 1 
1 1 1 0 1 1 1 1 0 0 1 0 1 1 0 
1 1 1 1 0 1 0 1 1 1 1 1 0 1 1 
1 1 0 0 1 0 1 1 1 0 0 0 1 1 0 
1 0 0 1 0 0 1 1 1 1 0 1 1 0 0 
0 1 0 1 1 0 1 1 1 1 0 1 1 0 0 


; Maximum HD = 83, Minimum HD = 58 
; Maximum Row HD = 15, Minimum Row HD = 3 
