1 1 0 0 1 0 1 0 0 0 0 1 1 1 0 
0 0 1 0 0 1 1 0 1 0 1 1 1 1 0 
1 1 0 1 1 0 0 1 0 1 0 0 0 0 1 
0 0 1 1 0 1 0 1 1 1 1 0 0 0 1 
1 0 1 0 1 1 1 1 0 0 0 1 0 0 1 
0 1 0 0 0 0 1 1 1 0 1 1 0 0 1 
0 0 0 0 1 1 1 0 1 1 0 0 1 0 1 
1 1 1 0 0 0 1 0 0 1 1 0 1 0 1 
0 1 1 1 1 0 0 0 1 0 0 1 1 0 1 
1 0 0 1 0 1 0 0 0 0 1 1 1 0 1 
1 0 1 1 0 0 1 0 1 0 0 0 0 1 1 
0 1 0 1 1 1 1 0 0 0 1 0 0 1 1 
1 1 0 0 0 1 0 0 1 1 0 1 0 1 1 
0 0 1 0 1 0 0 0 0 1 1 1 0 1 1 
0 1 1 0 0 1 0 1 0 0 0 0 1 1 1 
1 0 0 0 1 0 0 1 1 0 1 0 1 1 1 
0 0 0 1 0 0 1 1 0 1 0 1 1 1 1 
1 1 1 1 1 1 1 1 1 1 1 1 1 1 1 


; Maximum HD = 10, Minimum HD = 8 
; Maximum row HD = 15, Minimum row HD = 7 
