0 1 0 1 1 1 1 1 1 0 0 0 0 0 1 0 0 0 0 1 1 0 0 0 1 0 1 0 0 1 1 1 1 0 1 0 0 0 1 1 1 0 0 1 0 0 1 0 1 1 0 1 1 1 0 1 1 0 0 1 1 0 1 
0 1 1 1 1 1 1 0 0 0 0 0 1 0 0 0 0 1 1 0 0 0 1 0 1 0 0 1 1 1 1 0 1 0 0 0 1 1 1 0 0 1 0 0 1 0 1 1 0 1 1 1 0 1 1 0 0 1 1 0 1 0 1 
1 0 1 1 0 1 0 0 1 0 0 0 1 0 0 1 1 0 0 1 0 1 0 1 0 0 0 0 0 0 1 1 1 1 1 0 1 1 1 1 0 0 1 1 1 0 1 0 1 1 0 0 0 0 1 0 1 1 1 0 0 0 1 
1 0 1 0 0 1 1 1 1 0 1 0 0 0 1 1 1 0 0 1 0 0 1 0 1 1 0 1 1 1 0 1 1 0 0 1 1 0 1 0 1 0 1 1 1 1 1 1 0 0 0 0 0 1 0 0 0 0 1 1 0 0 0 
1 0 0 0 1 1 0 1 1 0 1 0 0 1 0 0 0 1 0 0 1 1 0 0 1 0 1 0 1 0 0 0 0 0 0 1 1 1 1 1 0 1 1 1 1 0 0 1 1 1 0 1 0 1 1 0 0 0 0 1 0 1 1 
1 0 0 0 1 0 1 0 0 1 1 1 1 0 1 0 0 0 1 1 1 0 0 1 0 0 1 0 1 1 0 1 1 1 0 1 1 0 0 1 1 0 1 0 1 0 1 1 1 1 1 1 0 0 0 0 0 1 0 0 0 0 1 
0 1 1 0 1 0 1 0 1 1 1 1 1 1 0 0 0 0 0 1 0 0 0 0 1 1 0 0 0 1 0 1 0 0 1 1 1 1 0 1 0 0 0 1 1 1 0 0 1 0 0 1 0 1 1 0 1 1 1 0 1 1 0 
1 1 1 0 1 1 0 0 1 1 0 1 0 1 0 1 1 1 1 1 1 0 0 0 0 0 1 0 0 0 0 1 1 0 0 0 1 0 1 0 0 1 1 1 1 0 1 0 0 0 1 1 1 0 0 1 0 0 1 0 1 1 0 
0 0 0 0 0 0 1 1 1 1 1 0 1 1 1 1 0 0 1 1 1 0 1 0 1 1 0 0 0 0 1 0 1 1 1 0 0 0 1 1 0 1 1 0 1 0 0 1 0 0 0 1 0 0 1 1 0 0 1 0 1 0 1 
1 0 1 0 1 0 0 0 0 0 0 1 1 1 1 1 0 1 1 1 1 0 0 1 1 1 0 1 0 1 1 0 0 0 0 1 0 1 1 1 0 0 0 1 1 0 1 1 0 1 0 0 1 0 0 0 1 0 0 1 1 0 0 
0 1 0 1 1 0 1 1 1 0 1 1 0 0 1 1 0 1 0 1 0 1 1 1 1 1 1 0 0 0 0 0 1 0 0 0 0 1 1 0 0 0 1 0 1 0 0 1 1 1 1 0 1 0 0 0 1 1 1 0 0 1 0 
1 1 1 1 0 1 1 1 1 0 0 1 1 1 0 1 0 1 1 0 0 0 0 1 0 1 1 1 0 0 0 1 1 0 1 1 0 1 0 0 1 0 0 0 1 0 0 1 1 0 0 1 0 1 0 1 0 0 0 0 0 0 1 
0 0 1 1 1 0 1 0 1 1 0 0 0 0 1 0 1 1 1 0 0 0 1 1 0 1 1 0 1 0 0 1 0 0 0 1 0 0 1 1 0 0 1 0 1 0 1 0 0 0 0 0 0 1 1 1 1 1 0 1 1 1 1 
0 0 0 0 1 0 0 0 0 1 1 0 0 0 1 0 1 0 0 1 1 1 1 0 1 0 0 0 1 1 1 0 0 1 0 0 1 0 1 1 0 1 1 1 0 1 1 0 0 1 1 0 1 0 1 0 1 1 1 1 1 1 0 
1 1 1 1 1 1 1 1 1 1 1 1 1 1 1 1 1 1 1 1 1 1 1 1 1 1 1 1 1 1 1 1 1 1 1 1 1 1 1 1 1 1 1 1 1 1 1 1 1 1 1 1 1 1 1 1 1 1 1 1 1 1 1 
1 0 0 0 0 1 0 1 1 1 0 0 0 1 1 0 1 1 0 1 0 0 1 0 0 0 1 0 0 1 1 0 0 1 0 1 0 1 0 0 0 0 0 0 1 1 1 1 1 0 1 1 1 1 0 0 1 1 1 0 1 0 1 
0 1 0 0 0 1 0 0 1 1 0 0 1 0 1 0 1 0 0 0 0 0 0 1 1 1 1 1 0 1 1 1 1 0 0 1 1 1 0 1 0 1 1 0 0 0 0 1 0 1 1 1 0 0 0 1 1 0 1 1 0 1 0 
0 1 0 1 0 0 0 0 0 0 1 1 1 1 1 0 1 1 1 1 0 0 1 1 1 0 1 0 1 1 0 0 0 0 1 0 1 1 1 0 0 0 1 1 0 1 1 0 1 0 0 1 0 0 0 1 0 0 1 1 0 0 1 
0 0 1 0 0 1 1 0 0 1 0 1 0 1 0 0 0 0 0 0 1 1 1 1 1 0 1 1 1 1 0 0 1 1 1 0 1 0 1 1 0 0 0 0 1 0 1 1 1 0 0 0 1 1 0 1 1 0 1 0 0 1 0 
0 1 1 0 0 1 1 0 1 0 1 0 1 1 1 1 1 1 0 0 0 0 0 1 0 0 0 0 1 1 0 0 0 1 0 1 0 0 1 1 1 1 0 1 0 0 0 1 1 1 0 0 1 0 0 1 0 1 1 0 1 1 1 
1 1 1 1 0 0 0 0 0 1 0 0 0 0 1 1 0 0 0 1 0 1 0 0 1 1 1 1 0 1 0 0 0 1 1 1 0 0 1 0 0 1 0 1 1 0 1 1 1 0 1 1 0 0 1 1 0 1 0 1 0 1 1 
0 1 1 0 0 1 0 1 0 1 0 0 0 0 0 0 1 1 1 1 1 0 1 1 1 1 0 0 1 1 1 0 1 0 1 1 0 0 0 0 1 0 1 1 1 0 0 0 1 1 0 1 1 0 1 0 0 1 0 0 0 1 0 
0 1 1 1 1 0 1 0 0 0 1 1 1 0 0 1 0 0 1 0 1 1 0 1 1 1 0 1 1 0 0 1 1 0 1 0 1 0 1 1 1 1 1 1 0 0 0 0 0 1 0 0 0 0 1 1 0 0 0 1 0 1 0 
1 1 0 0 1 1 1 0 1 0 1 1 0 0 0 0 1 0 1 1 1 0 0 0 1 1 0 1 1 0 1 0 0 1 0 0 0 1 0 0 1 1 0 0 1 0 1 0 1 0 0 0 0 0 0 1 1 1 1 1 0 1 1 
1 1 1 0 0 1 1 1 0 1 0 1 1 0 0 0 0 1 0 1 1 1 0 0 0 1 1 0 1 1 0 1 0 0 1 0 0 0 1 0 0 1 1 0 0 1 0 1 0 1 0 0 0 0 0 0 1 1 1 1 1 0 1 
0 0 1 1 0 1 1 0 1 0 0 1 0 0 0 1 0 0 1 1 0 0 1 0 1 0 1 0 0 0 0 0 0 1 1 1 1 1 0 1 1 1 1 0 0 1 1 1 0 1 0 1 1 0 0 0 0 1 0 1 1 1 0 
0 0 0 0 0 0 0 0 0 0 0 0 0 0 0 0 0 0 0 0 0 0 0 0 0 0 0 0 0 0 0 0 0 0 0 0 0 0 0 0 0 0 0 0 0 0 0 0 0 0 0 0 0 0 0 0 0 0 0 0 0 0 0 
0 0 0 1 0 0 0 0 1 1 0 0 0 1 0 1 0 0 1 1 1 1 0 1 0 0 0 1 1 1 0 0 1 0 0 1 0 1 1 0 1 1 1 0 1 1 0 0 1 1 0 1 0 1 0 1 1 1 1 1 1 0 0 
0 0 0 1 0 1 0 0 1 1 1 1 0 1 0 0 0 1 1 1 0 0 1 0 0 1 0 1 1 0 1 1 1 0 1 1 0 0 1 1 0 1 0 1 0 1 1 1 1 1 1 0 0 0 0 0 1 0 0 0 0 1 1 
1 1 1 1 1 1 0 0 0 0 0 1 0 0 0 0 1 1 0 0 0 1 0 1 0 0 1 1 1 1 0 1 0 0 0 1 1 1 0 0 1 0 0 1 0 1 1 0 1 1 1 0 1 1 0 0 1 1 0 1 0 1 0 
0 0 1 1 0 0 1 0 1 0 1 0 0 0 0 0 0 1 1 1 1 1 0 1 1 1 1 0 0 1 1 1 0 1 0 1 1 0 0 0 0 1 0 1 1 1 0 0 0 1 1 0 1 1 0 1 0 0 1 0 0 0 1 
1 1 0 1 1 1 1 0 0 1 1 1 0 1 0 1 1 0 0 0 0 1 0 1 1 1 0 0 0 1 1 0 1 1 0 1 0 0 1 0 0 0 1 0 0 1 1 0 0 1 0 1 0 1 0 0 0 0 0 0 1 1 1 
0 1 0 0 0 1 1 1 0 0 1 0 0 1 0 1 1 0 1 1 1 0 1 1 0 0 1 1 0 1 0 1 0 1 1 1 1 1 1 0 0 0 0 0 1 0 0 0 0 1 1 0 0 0 1 0 1 0 0 1 1 1 1 
1 1 0 1 1 1 0 1 1 0 0 1 1 0 1 0 1 0 1 1 1 1 1 1 0 0 0 0 0 1 0 0 0 0 1 1 0 0 0 1 0 1 0 0 1 1 1 1 0 1 0 0 0 1 1 1 0 0 1 0 0 1 0 
0 0 1 1 1 1 0 1 0 0 0 1 1 1 0 0 1 0 0 1 0 1 1 0 1 1 1 0 1 1 0 0 1 1 0 1 0 1 0 1 1 1 1 1 1 0 0 0 0 0 1 0 0 0 0 1 1 0 0 0 1 0 1 


; Maximum HD = 23, Minimum HD = 11 
; Maximum row HD = 63, Minimum row HD = 31 
