1 1 1 0 0 0 0 0 0 1 0 0 0 1 0 
0 1 1 0 1 0 1 1 1 1 0 0 0 1 0 
0 1 0 0 1 0 0 1 0 0 1 0 0 1 0 
1 1 0 0 0 0 1 0 1 0 1 0 0 1 0 
1 0 0 0 0 1 1 1 0 1 1 0 0 1 0 
0 0 0 0 1 1 0 0 1 1 1 0 0 1 0 
1 0 0 1 0 1 1 0 0 0 0 1 0 1 0 
0 0 0 1 1 1 0 1 1 0 0 1 0 1 0 
0 1 0 1 1 0 0 0 0 1 0 1 0 1 0 
1 1 0 1 0 0 1 1 1 1 0 1 0 1 0 
1 1 1 1 0 0 0 1 0 0 1 1 0 1 0 
0 1 1 1 1 0 1 0 1 0 1 1 0 1 0 
0 0 1 1 1 1 1 1 0 1 1 1 0 1 0 
1 0 1 1 0 1 0 0 1 1 1 1 0 1 0 
0 1 1 1 0 0 1 0 0 0 0 0 1 1 0 
1 1 1 1 1 0 0 1 1 0 0 0 1 1 0 
1 0 1 1 1 1 0 0 0 1 0 0 1 1 0 
0 0 1 1 0 1 1 1 1 1 0 0 1 1 0 
0 0 0 1 0 1 0 1 0 0 1 0 1 1 0 
1 0 0 1 1 1 1 0 1 0 1 0 1 1 0 
1 1 0 1 1 0 1 1 0 1 1 0 1 1 0 
0 1 0 1 0 0 0 0 1 1 1 0 1 1 0 
1 1 0 0 1 0 1 0 0 0 0 1 1 1 0 
0 1 0 0 0 0 0 1 1 0 0 1 1 1 0 
0 0 0 0 0 1 0 0 0 1 0 1 1 1 0 
1 0 0 0 1 1 1 1 1 1 0 1 1 1 0 
1 0 1 0 1 1 0 1 0 0 1 1 1 1 0 
0 0 1 0 0 1 1 0 1 0 1 1 1 1 0 
0 1 1 0 0 0 1 1 0 1 1 1 1 1 0 
1 1 1 0 1 0 0 0 1 1 1 1 1 1 0 
0 0 0 1 0 1 1 1 0 0 0 0 0 0 1 
1 0 0 1 1 1 0 0 1 0 0 0 0 0 1 
1 1 0 1 1 0 0 1 0 1 0 0 0 0 1 
0 1 0 1 0 0 1 0 1 1 0 0 0 0 1 
0 1 1 1 0 0 0 0 0 0 1 0 0 0 1 
1 1 1 1 1 0 1 1 1 0 1 0 0 0 1 
1 0 1 1 1 1 1 0 0 1 1 0 0 0 1 
0 0 1 1 0 1 0 1 1 1 1 0 0 0 1 
1 0 1 0 1 1 1 1 0 0 0 1 0 0 1 
0 0 1 0 0 1 0 0 1 0 0 1 0 0 1 
0 1 1 0 0 0 0 1 0 1 0 1 0 0 1 
1 1 1 0 1 0 1 0 1 1 0 1 0 0 1 
1 1 0 0 1 0 0 0 0 0 1 1 0 0 1 
0 1 0 0 0 0 1 1 1 0 1 1 0 0 1 
0 0 0 0 0 1 1 0 0 1 1 1 0 0 1 
1 0 0 0 1 1 0 1 1 1 1 1 0 0 1 
0 1 0 0 1 0 1 1 0 0 0 0 1 0 1 
1 1 0 0 0 0 0 0 1 0 0 0 1 0 1 
1 0 0 0 0 1 0 1 0 1 0 0 1 0 1 
0 0 0 0 1 1 1 0 1 1 0 0 1 0 1 
0 0 1 0 1 1 0 0 0 0 1 0 1 0 1 
1 0 1 0 0 1 1 1 1 0 1 0 1 0 1 
1 1 1 0 0 0 1 0 0 1 1 0 1 0 1 
0 1 1 0 1 0 0 1 1 1 1 0 1 0 1 
1 1 1 1 0 0 1 1 0 0 0 1 1 0 1 
0 1 1 1 1 0 0 0 1 0 0 1 1 0 1 
0 0 1 1 1 1 0 1 0 1 0 1 1 0 1 
1 0 1 1 0 1 1 0 1 1 0 1 1 0 1 
1 0 0 1 0 1 0 0 0 0 1 1 1 0 1 
0 0 0 1 1 1 1 1 1 0 1 1 1 0 1 
0 1 0 1 1 0 1 0 0 1 1 1 1 0 1 
1 1 0 1 0 0 0 1 1 1 1 1 1 0 1 
0 0 1 1 1 0 0 1 0 0 0 0 0 1 1 
1 0 1 1 0 0 1 0 1 0 0 0 0 1 1 
1 1 1 1 0 1 1 1 0 1 0 0 0 1 1 
0 1 1 1 1 1 0 0 1 1 0 0 0 1 1 
0 1 0 1 1 1 1 0 0 0 1 0 0 1 1 
1 1 0 1 0 1 0 1 1 0 1 0 0 1 1 
1 0 0 1 0 0 0 0 0 1 1 0 0 1 1 
0 0 0 1 1 0 1 1 1 1 1 0 0 1 1 
1 0 0 0 0 0 0 1 0 0 0 1 0 1 1 
0 0 0 0 1 0 1 0 1 0 0 1 0 1 1 
0 1 0 0 1 1 1 1 0 1 0 1 0 1 1 
1 1 0 0 0 1 0 0 1 1 0 1 0 1 1 
1 1 1 0 0 1 1 0 0 0 1 1 0 1 1 
0 1 1 0 1 1 0 1 1 0 1 1 0 1 1 
0 0 1 0 1 0 0 0 0 1 1 1 0 1 1 
1 0 1 0 0 0 1 1 1 1 1 1 0 1 1 
0 1 1 0 0 1 0 1 0 0 0 0 1 1 1 
1 1 1 0 1 1 1 0 1 0 0 0 1 1 1 
1 0 1 0 1 0 1 1 0 1 0 0 1 1 1 
0 0 1 0 0 0 0 0 1 1 0 0 1 1 1 
0 0 0 0 0 0 1 0 0 0 1 0 1 1 1 
1 0 0 0 1 0 0 1 1 0 1 0 1 1 1 
1 1 0 0 1 1 0 0 0 1 1 0 1 1 1 
0 1 0 0 0 1 1 1 1 1 1 0 1 1 1 
1 1 0 1 1 1 0 1 0 0 0 1 1 1 1 
0 1 0 1 0 1 1 0 1 0 0 1 1 1 1 
0 0 0 1 0 0 1 1 0 1 0 1 1 1 1 
1 0 0 1 1 0 0 0 1 1 0 1 1 1 1 
1 0 1 1 1 0 1 0 0 0 1 1 1 1 1 
0 0 1 1 0 0 0 1 1 0 1 1 1 1 1 
0 1 1 1 0 1 0 0 0 1 1 1 1 1 1 
1 1 1 1 1 1 1 1 1 1 1 1 1 1 1 


; Maximum HD = 62, Minimum HD = 46 
; Maximum row HD = 15, Minimum row HD = 5 
