1 1 0 1 1 1 0 1 0 1 1 0 1 0 0 0 1 0 0 0 0 0 0 0 1 1 1 0 1 0 1 
0 1 1 1 1 1 0 0 0 1 1 0 1 1 1 0 1 0 1 0 0 0 0 1 0 0 1 0 1 1 0 
1 0 0 1 0 0 1 0 1 0 1 0 0 1 0 1 1 0 0 0 1 0 1 0 0 1 1 1 0 1 1 
0 0 1 1 1 0 1 1 1 0 1 1 1 0 0 0 0 1 1 1 1 1 0 0 1 0 0 1 0 0 0 
0 0 0 0 1 1 1 0 1 1 1 0 1 1 1 0 0 0 0 1 1 1 1 1 0 0 1 0 0 1 0 
0 0 1 0 1 1 1 0 0 1 1 1 1 1 1 1 1 0 0 1 0 1 0 1 1 1 1 1 1 0 0 
0 1 0 1 1 0 0 1 1 0 0 0 1 1 1 0 1 1 0 1 0 0 0 1 1 0 1 0 1 0 1 
1 0 1 1 1 1 0 0 0 0 0 0 1 1 1 0 0 0 0 1 0 0 0 0 1 1 0 0 1 0 0 
1 0 1 0 0 0 1 1 0 1 1 1 1 1 1 1 1 0 1 1 1 1 1 1 0 0 1 0 0 0 0 
0 1 1 1 0 0 0 0 1 0 1 0 1 1 0 0 1 0 0 1 0 0 1 0 1 1 0 1 1 0 1 
0 1 0 1 1 1 0 0 1 0 0 0 0 0 0 0 0 1 0 0 0 0 0 0 1 1 0 1 1 1 1 
0 0 1 0 0 1 1 1 0 0 0 1 1 0 0 0 0 1 0 1 0 0 1 1 0 0 0 1 0 0 1 
1 1 0 0 1 1 0 0 0 1 1 1 0 1 1 0 1 0 0 0 1 1 0 1 0 1 0 1 0 1 0 
1 0 1 1 0 1 1 0 1 0 1 1 1 0 0 0 0 1 0 1 0 1 1 0 0 1 0 0 1 0 0 
1 0 0 0 0 1 0 1 1 0 0 1 1 0 1 0 0 1 0 0 0 0 0 0 1 0 0 0 1 0 1 
1 1 1 1 1 0 0 0 0 0 1 0 0 0 1 1 1 0 0 1 0 1 0 0 0 0 0 0 0 1 0 
1 1 0 0 1 0 0 0 1 1 0 1 0 0 0 0 0 0 0 0 0 0 1 0 1 0 1 0 1 1 0 
0 1 0 0 1 1 0 0 1 1 1 0 0 0 1 0 0 1 0 1 1 1 0 0 1 0 1 0 1 0 1 
0 1 0 1 1 0 0 0 1 1 0 1 1 0 0 0 0 0 0 1 1 0 0 1 0 1 1 1 1 0 1 
1 1 0 1 1 0 1 1 0 0 0 1 1 1 0 0 1 1 1 1 0 1 0 1 1 0 0 1 1 1 0 
1 1 1 0 1 1 0 1 1 1 0 0 1 1 1 0 1 0 1 0 0 1 0 0 0 1 1 1 0 1 1 
1 0 1 0 1 1 0 1 0 0 1 1 1 0 1 0 1 1 0 0 0 1 0 0 0 1 1 0 1 1 0 
0 0 1 0 0 0 1 0 1 0 0 1 0 1 1 1 0 1 1 1 1 1 1 1 0 0 0 1 0 1 0 
0 1 1 1 0 0 0 0 0 1 0 1 0 0 1 0 0 1 0 0 0 1 0 0 1 0 0 0 0 1 1 
0 1 0 1 1 1 0 1 0 0 1 0 1 0 0 0 0 1 0 1 1 1 1 0 0 1 0 1 0 0 1 
1 1 0 1 1 0 0 0 1 1 1 0 0 1 1 1 1 0 1 0 1 1 0 0 1 1 1 0 1 1 0 
1 0 1 1 0 0 0 1 1 0 1 1 0 0 0 0 0 0 1 1 0 0 1 0 1 1 1 1 0 1 0 
1 1 1 1 0 0 1 0 0 1 1 0 1 0 1 1 0 0 0 0 0 1 0 0 1 1 0 1 1 0 0 
1 0 0 1 1 1 1 1 1 0 1 1 0 0 0 0 1 1 0 0 1 1 0 0 0 0 1 0 0 0 1 
0 1 0 0 1 0 1 0 1 0 0 1 0 1 1 0 0 0 1 0 1 0 0 1 1 1 0 1 1 1 0 
0 0 0 1 1 0 1 1 1 0 1 0 1 0 0 0 0 1 0 0 1 0 1 1 0 0 1 1 1 1 1 
0 1 0 0 1 1 1 1 0 1 0 0 1 1 0 0 1 0 1 1 0 1 1 1 1 1 1 0 1 1 1 
0 0 1 1 0 1 1 1 1 1 1 1 1 0 1 1 1 1 1 1 0 0 1 0 0 0 0 1 0 1 0 
0 0 0 0 1 1 1 0 0 0 0 1 0 0 0 0 1 1 0 0 1 0 0 1 0 1 1 1 1 0 0 
1 0 1 0 1 1 0 1 0 1 0 0 0 1 0 1 1 0 1 0 1 1 1 1 0 1 0 0 0 0 1 
1 0 1 1 1 0 0 1 1 1 1 1 1 1 1 0 0 1 0 1 0 1 1 1 1 1 1 0 0 0 0 
1 0 1 1 1 1 0 0 0 1 1 1 0 0 0 1 0 1 1 1 1 0 1 1 1 1 1 0 0 1 1 
1 1 0 0 1 0 1 1 1 1 0 1 0 1 0 1 1 0 0 0 1 1 0 1 1 0 0 0 0 0 0 
1 0 1 0 1 1 1 0 0 0 1 1 1 1 1 1 0 1 0 0 1 0 1 1 0 1 0 0 0 0 0 
0 0 1 0 1 0 1 1 0 0 1 0 0 1 0 0 1 0 1 1 0 1 1 0 1 0 1 1 1 0 0 
1 1 0 1 1 0 1 0 1 0 1 1 0 1 0 0 1 1 1 0 1 0 1 1 0 0 0 1 0 0 0 
0 0 1 0 0 0 1 1 0 1 0 0 0 0 0 0 0 0 0 0 1 0 1 0 1 0 1 1 0 1 1 
0 1 0 0 1 1 1 1 1 0 0 1 1 0 0 0 1 0 1 1 1 0 0 0 1 0 1 0 1 0 0 
1 1 0 0 1 1 0 0 0 1 0 1 1 1 0 0 0 1 0 1 0 1 0 0 0 1 0 0 1 1 1 
1 1 0 0 0 0 0 1 1 1 1 0 0 0 1 0 0 1 1 1 0 1 1 0 0 1 1 1 0 0 1 
1 0 0 0 1 1 1 1 0 0 0 0 0 1 1 0 1 1 0 1 1 1 1 1 0 0 0 1 0 0 0 
0 0 1 0 0 0 1 1 0 1 1 0 1 0 1 0 1 1 0 1 0 0 1 1 1 0 1 0 1 1 0 
0 1 0 1 0 1 0 1 0 0 1 1 0 0 1 1 1 0 0 0 1 0 0 1 0 1 1 1 0 0 1 
0 0 0 1 0 1 1 1 0 0 1 1 1 1 1 1 1 1 0 0 1 0 1 0 1 1 1 1 1 1 0 
1 0 0 0 0 1 0 0 1 0 1 1 0 0 1 1 1 1 1 0 0 0 1 1 0 1 1 1 0 1 0 
0 1 1 1 0 0 0 1 1 1 0 1 0 0 0 0 1 0 0 0 0 0 1 1 0 0 0 1 0 0 0 
0 0 1 1 1 1 1 1 1 1 0 0 1 0 1 0 1 1 1 1 1 1 0 0 0 0 1 0 1 1 1 
1 1 1 0 1 0 1 1 0 1 1 0 1 1 1 0 1 1 0 1 1 1 1 0 0 1 0 0 0 1 1 
0 0 0 1 0 0 0 1 1 0 0 1 1 1 1 1 1 0 1 1 0 0 0 0 1 1 0 0 1 1 0 
1 1 0 1 0 0 0 1 0 0 1 0 1 0 1 1 0 0 0 0 1 1 1 0 0 1 1 0 1 1 1 
0 1 1 1 1 1 0 0 1 0 1 1 1 0 1 0 1 0 1 0 1 1 1 0 0 1 1 0 1 0 1 
1 0 0 0 1 1 1 1 0 1 0 1 0 0 1 1 0 1 1 0 1 1 0 1 0 0 1 0 0 1 0 
0 0 1 0 0 0 0 1 1 0 0 1 0 0 1 0 1 1 1 1 0 0 0 0 0 0 1 1 1 0 0 
1 1 1 0 1 0 0 1 1 1 1 0 1 0 0 1 1 0 0 1 0 1 1 0 1 1 1 1 1 1 0 
1 1 1 1 1 0 0 0 1 0 1 0 0 0 1 0 0 0 1 0 1 0 0 1 0 1 1 1 0 1 1 
1 1 1 1 0 1 0 1 1 1 0 0 1 0 0 0 0 0 0 0 0 1 0 0 0 0 0 0 1 1 0 
0 0 0 1 0 1 1 0 1 0 1 1 1 1 0 1 0 0 0 0 1 1 0 1 0 1 1 0 1 0 1 
1 0 0 0 1 1 1 1 1 0 1 0 1 1 0 1 1 0 1 1 1 0 1 1 0 1 1 1 1 0 0 
1 1 0 1 1 1 1 1 0 1 1 0 1 1 1 0 0 1 1 1 0 1 0 1 0 0 1 0 0 0 1 
1 1 0 1 1 0 0 1 1 0 1 1 0 0 0 1 0 1 1 0 0 1 0 0 0 0 1 1 1 1 0 
0 0 0 1 1 1 1 0 0 1 0 1 1 0 0 0 0 0 0 0 1 1 0 0 0 0 0 1 0 1 1 
1 0 0 1 1 1 1 0 0 0 1 1 0 0 1 0 0 0 0 0 1 0 1 1 1 0 1 1 0 1 0 
1 1 0 1 0 1 0 1 0 1 0 1 1 0 0 1 1 0 0 0 1 1 1 0 1 1 0 1 0 0 0 
0 0 1 0 1 0 0 0 1 1 1 1 0 1 0 1 0 0 1 1 0 1 1 0 1 1 0 1 0 0 1 
1 1 1 0 0 0 0 1 0 1 1 1 0 0 1 1 1 1 1 1 1 1 0 0 1 0 1 0 1 1 1 
0 1 0 0 0 0 1 1 1 0 0 0 1 1 1 0 1 0 0 0 0 1 0 0 0 0 0 1 1 0 0 
1 0 1 0 0 1 0 0 0 1 1 1 0 1 1 1 1 1 0 1 1 0 1 1 1 0 0 1 1 1 0 
0 0 1 0 1 1 1 1 1 0 0 0 0 0 1 0 0 0 1 1 1 0 0 1 0 1 0 0 0 0 0 
1 1 0 0 0 0 1 1 1 0 0 1 1 0 1 1 1 1 1 0 1 0 0 0 1 0 0 1 0 1 0 
1 1 0 0 1 0 0 1 0 0 1 0 1 1 0 1 1 0 1 0 1 1 1 0 0 0 0 1 0 1 0 
0 0 0 0 1 1 0 0 0 1 1 0 1 0 0 1 0 1 0 1 0 1 1 1 1 0 0 1 1 1 1 
0 1 1 0 0 0 0 0 0 1 0 0 1 1 1 1 0 0 1 1 0 0 1 1 1 1 0 1 1 1 0 
0 1 0 1 0 0 0 1 1 0 1 1 1 1 1 1 1 1 0 1 1 1 1 1 1 0 0 1 0 0 0 
0 0 1 0 1 1 0 1 0 0 0 0 0 1 0 1 0 1 1 1 0 0 0 1 1 1 1 1 1 0 1 
0 1 0 1 0 0 0 1 0 0 1 1 1 1 1 0 0 1 1 0 0 0 1 0 1 1 1 0 0 0 1 
1 1 0 0 0 1 1 1 0 1 1 0 1 0 0 0 1 1 0 1 0 1 0 1 0 1 0 1 1 0 0 
0 1 0 0 1 0 0 1 0 0 1 1 1 0 0 0 1 1 0 0 0 0 1 0 1 0 0 1 1 0 0 
0 1 0 1 0 0 0 1 1 1 1 0 1 0 1 0 0 1 1 0 1 1 0 1 1 0 1 0 0 1 0 
1 0 1 1 0 0 1 1 1 0 1 1 0 1 1 0 1 1 0 0 0 1 1 1 0 0 1 1 1 1 0 
0 0 1 0 0 0 0 0 0 0 1 1 1 0 1 0 1 1 1 0 1 1 1 0 1 0 1 1 0 1 0 
1 1 1 0 0 0 1 0 0 0 1 0 0 0 1 1 1 1 0 0 0 0 0 1 1 0 1 1 0 1 1 
1 0 1 0 1 1 1 0 0 1 1 0 1 0 1 0 1 1 1 1 1 0 0 1 0 1 1 1 0 1 0 
0 0 1 1 0 0 0 0 1 0 1 0 0 1 1 0 0 0 1 0 0 1 0 0 1 0 0 1 1 1 0 
0 0 1 0 1 1 0 0 1 0 1 0 1 1 0 1 0 1 1 0 1 1 1 1 0 1 1 1 0 1 1 
0 0 1 0 1 1 0 0 1 1 0 1 0 0 1 0 0 0 0 0 0 1 0 0 0 1 0 1 1 0 0 
1 1 0 0 1 1 1 0 0 1 1 1 0 0 0 0 0 1 1 1 1 0 0 0 1 0 0 1 1 1 0 
0 1 0 1 1 0 1 1 0 0 1 0 0 0 1 1 0 1 0 0 0 0 0 0 0 0 0 0 1 0 1 
1 0 0 1 1 1 1 0 1 1 1 0 0 1 1 0 0 0 0 0 0 1 0 0 1 1 1 1 0 0 1 
0 0 0 1 0 1 0 0 0 1 0 0 0 1 0 1 0 0 1 0 1 1 1 0 1 1 1 1 1 1 1 
0 0 0 0 0 0 1 1 0 0 0 0 0 1 0 1 1 0 0 0 1 1 1 1 0 0 1 0 1 1 0 
1 1 0 1 1 0 0 0 1 1 0 0 1 1 0 1 0 1 1 1 0 1 0 1 1 1 1 1 0 1 1 
1 0 1 1 1 1 1 1 1 0 1 0 0 0 0 0 1 1 1 1 1 0 1 1 1 0 0 0 1 1 0 
1 1 0 0 1 1 0 1 1 1 0 1 1 1 1 0 1 0 0 1 0 0 1 1 1 1 0 1 1 0 0 
0 1 1 0 0 1 1 0 1 0 1 1 1 0 1 0 1 1 1 1 1 0 1 1 1 1 0 1 1 0 0 


; Maximum HD = 64, Minimum HD = 35 
; Maximum Row HD = 31, Minimum Row HD = 11 
