
                 2.4                   0                   1
                 2.6                -1.3                   1
                 3.2                -2.7                   3
                 3.6                   0                   2
                   4                -2.7                   2
                 6.2                -2.7                  11
                 6.6                -2.7                   2
                 6.8                -1.3                   1
                 7.8                -2.7                   5
                 8.2                -2.7                   2
                 8.8                -1.3    			   3
                 8.8                -2.7                   0
                 9.6                -2.7    			   4
                  10                -2.7                   2
                10.2                -5.4   				   1
                10.6                -2.7                   2
                  11                -5.4                   2
                11.4                   0                   2
                13.2                -2.7                   9
                13.6                -2.7                   2
                13.8                   0                   1
                14.6               -13.3                   4
                14.6                -5.4                   0
                14.6                -5.4                   0
                14.6                -9.3                   0
                14.6                 -16                   0
                14.6               -22.8                   0
                14.8                -2.7                   1
                15.4               -22.8                   3
                15.4               -32.1                   0
                15.4               -53.5                   0
                15.4               -54.9                   0
                15.6               -40.2                   1
                15.6               -21.5                   0
                15.8               -21.5                   1
                15.8               -50.8                   0
                  16               -42.9                   1
                  16               -26.8                   0
                16.2               -21.5                   1
                16.2               -50.8                   0
                16.2               -61.7                   0
                16.4                -5.4                   1
                16.4               -80.4                   0
                16.6                 -59                   1
                16.8                 -71                   1
                16.8               -91.1                   0
                16.8               -77.7                   0
                17.6               -37.5                   4
                17.6               -85.6                   0
                17.6              -123.1                   0
                17.6              -101.9                   0
                17.8               -99.1                   1
                17.8              -104.4                   0
                18.6              -112.5                   4
                18.6               -50.8                   0
                19.2              -123.1                   3
                19.4               -85.6                   1
                19.4               -72.3                   0
                19.6              -127.2                   1
                20.2              -123.1                   3
                20.4              -117.9                   1
                21.2                -134                   4
                21.4              -101.9                   1
                21.8              -108.4                   2
                  22              -123.1                   1
                23.2              -123.1                   6
                23.4              -128.5                   1
                  24              -112.5                   3
                24.2               -95.1                   1
                24.2               -81.8                   0
                24.6               -53.5                   2
                  25               -64.4                   2
                  25               -57.6                   0
                25.4               -72.3                   2
                25.4               -44.3                   0
                25.6               -26.8                   1
                  26                -5.4                   2
                26.2              -107.1                   1
                26.2               -21.5                   0
                26.4               -65.6                   1
                  27                 -16                   3
                27.2               -45.6                   1
                27.2               -24.2                   0
                27.2                 9.5                   0
                27.6                   4                   2
                28.2                  12                   3
                28.4               -21.5                   1
                28.4                37.5                   0
                28.6                46.9                   1
                29.4               -17.4                   4
                30.2                36.2                   4
                  31                  75                   4
                31.2                 8.1                   1
                  32                54.9                   4
                  32                48.2                   0
                32.8                46.9                   4
                33.4                  16                   3
                33.8                45.6                   2
                34.4                 1.3                   3
                34.8                  75                   2
                35.2                 -16                   2
                35.2               -54.9                   0
                35.4                69.6                   1
                35.6                34.8                   1
                35.6                32.1                   0
                36.2               -37.5                   3
                36.2                22.8                   0
                  38                46.9                   9
                  38                10.7                   0
                39.2                 5.4                   6
                39.4                -1.3                   1
                  40               -21.5                   3
                40.4               -13.3                   2
                41.6                30.8                   6
                41.6               -10.7                   0
                42.4                29.4                   4
                42.8                   0                   2
                42.8               -10.7                   0
                  43                14.7                   1
                  44                -1.3                   5
                44.4                   0                   2
                  45                10.7                   3
                46.6                10.7                   8
                47.8               -26.8                   6
                47.8               -14.7                   0
                48.8               -13.3                   5
                50.6                   0                   9
                  52                10.7                   7
                53.2               -14.7                   6
                  55                -2.7                   9
                  55                10.7                   0
                55.4                -2.7                   2
                57.6                10.7                  11