  3.6363885e+000	  3.0122996e-002	
  3.3270509e+000	 -2.6532359e-001	
  3.7836440e+000	 -5.6800611e-001	
  4.4540429e+000	  1.0172556e-001	
  4.1269928e+000	 -3.6140888e-001	
  3.8780620e+000	  1.5055848e-002	
  3.8772158e+000	  3.5377612e-001	
  3.9672765e+000	 -1.3592575e-001	
  3.9634364e+000	 -3.2952594e-002	
  3.2705982e+000	 -1.8667203e-002	
  3.5979711e+000	 -2.6974784e-001	
  4.8959237e+000	 -3.1087687e-001	
  3.6622680e+000	 -5.5727005e-001	
  4.0529221e+000	 -1.7505396e-001	
  3.4577372e+000	 -2.3233235e-001	
  3.8992079e+000	 -1.0466328e-002	
  4.2027994e+000	 -3.2018504e-001	
  3.6927604e+000	 -1.1535786e-001	
  3.5791984e+000	 -8.0548019e-001	
  3.9421767e+000	 -2.3354968e-001	
  3.5686320e+000	 -1.6948272e-001	
  3.4891051e+000	 -3.2927878e-001	
  3.7365700e+000	 -4.2381853e-002	
  3.6563580e+000	 -5.6497764e-001	
  4.0774578e+000	 -4.7405409e-001	
  3.5864261e+000	 -4.7030001e-001	
  4.2760660e+000	 -3.5404982e-001	
  3.3005230e+000	  1.9491725e-001	
  3.8527102e+000	 -1.6768646e-002	
  4.1486294e+000	  2.0432310e-001	
  3.7626604e+000	 -6.6907730e-001	
  3.6641013e+000	 -1.1431584e-001	
  3.3988377e+000	  3.9079944e-001	
  3.6744261e+000	 -1.1434287e-002	
  4.4714809e+000	  1.5380427e-001	
  3.6546049e+000	 -6.3445642e-001	
  3.9865143e+000	 -2.7068580e-002	
  3.6242319e+000	  2.2745959e-001	
  4.2584062e+000	  1.8939484e-001	
  3.7315029e+000	 -1.2871765e-001	
  3.8219533e+000	 -2.1878749e-001	
  7.7426181e-003	  3.5239666e+000	
 -1.0849266e-001	  1.6097165e+000	
  3.7097868e-001	  5.7210525e+000	
 -1.1586105e-001	  4.9476285e+000	
 -4.5939083e-001	  6.0979244e+000	
 -2.6661988e-001	  3.9869803e+000	
 -2.1690376e-001	  4.9303122e+000	
  6.9402851e-002	  2.7082166e+000	
 -1.3670028e-001	  3.1147893e+000	
 -1.8346994e-002	  3.7848715e+000	
  6.2686433e-001	  5.5145194e+000	
  1.8625960e-001	  3.4349562e+000	
  8.3699029e-002	  4.0093129e+000	
  2.6959144e-001	  5.3000803e+000	
  3.2790166e-001	  5.7917220e+000	
  4.8477901e-002	  4.4801339e+000	
 -3.8496944e-001	  4.0279484e+000	
 -3.5894698e-001	  4.1923660e+000	
 -2.3379463e-002	  3.5764663e+000	
  1.0251317e-001	  2.8968476e+000	
 -2.9120726e-001	  5.4211157e+000	
 -2.3889499e-001	  2.0990177e-001	
 -7.6766875e-002	  4.3833528e+000	
 -2.2155261e-001	  5.4032170e+000	
 -3.7726461e-001	  3.8517673e+000	
 -1.5144078e-001	  2.9248839e+000	
 -7.4694685e-001	  3.8712537e+000	
  5.0266982e-001	  4.7666242e+000	
 -2.8519849e-001	  6.1161589e+000	
  1.6444791e-001	  4.0852645e+000	
 -4.9727550e-001	  4.8312305e+000	
 -2.3195064e-001	  6.5185550e+000	
  8.9876726e-002	  4.1485175e+000	
 -4.4541214e-001	  3.0378481e+000	
 -1.9462670e-001	  3.4184362e+000	
 -1.5139408e-001	  5.7095211e+000	
 -6.4329438e-002	  2.7187644e+000	
 -2.1945714e-001	  5.2114531e+000	
 -2.6098958e-001	  2.0048037e+000	
 -2.9955742e-001	  5.4072878e+000	
 -1.9176898e-001	  4.3020527e+000	
  5.1925808e+000	  5.3097100e+000	
  4.4855694e+000	  7.4102947e+000	
  5.5300932e+000	  5.7730725e+000	
  4.0810968e+000	  6.4980213e+000	
  5.6916861e+000	  6.4551312e+000	
  4.6995263e+000	  6.2627856e+000	
  3.8551532e+000	  5.6633926e+000	
  6.4119143e+000	  4.0227539e+000	
  6.8210020e+000	  5.2932053e+000	
  4.1433490e+000	  6.2654311e+000	
  5.8677103e+000	  5.1724275e+000	
  5.1296933e+000	  5.1343702e+000	
  3.8820821e+000	  3.5556235e+000	
  4.1944020e+000	  6.5830005e+000	
  6.1936457e+000	  6.3014835e+000	
  7.7586598e+000	  5.3719830e+000	
  4.7504285e+000	  4.3519456e+000	
  4.5849595e+000	  6.2790636e+000	
  5.9095403e+000	  4.7357404e+000	
  8.2951080e+000	  6.8808517e+000	
  5.4686003e+000	  6.3480352e+000	
  4.1926655e+000	  3.7444340e+000	
  6.0113670e+000	  3.5238415e+000	
  2.8200968e+000	  9.1828682e+000	
  6.2805809e+000	  5.1638880e+000	
  3.5231703e+000	  5.8854921e+000	
  5.0033116e+000	  5.8907233e+000	
  4.9651111e+000	  4.9719618e+000	
  5.4346470e+000	  5.3258616e+000	
  6.8156957e+000	  7.0748545e+000	
  6.9753615e+000	  6.1217488e+000	
  4.1218175e+000	  6.1995014e+000	
  4.1752547e+000	  6.4278194e+000	
  5.1647985e+000	  6.7091063e+000	
  3.9714235e+000	  5.0968258e+000	
  5.5452792e+000	  4.8301131e+000	
  3.3818678e+000	  5.1743461e+000	
  5.0655546e+000	  5.0261357e+000	
  5.8547586e+000	  5.2679396e+000	
  3.8118226e+000	  6.1739220e+000	
  5.7287976e+000	  4.8778922e+000	
  5.6472934e+000	  4.3726884e+000	
  4.5436907e+000	  5.7936981e+000	
  4.6117024e+000	  6.1170922e+000	
  5.7502947e+000	  7.2139024e+000	
  4.8403120e+000	  8.2785975e+000	
  5.7165727e+000	  6.1308036e+000	
  4.9711443e+000	  4.8027824e+000	
  4.7024098e+000	  5.1234792e+000	
  4.1963301e+000	  7.4091798e+000	
  7.2762553e+000	  6.2470597e+000	
  5.5553273e+000	  5.0549171e+000	
  6.2552176e+000	  6.4878979e+000	
  4.9579772e+000	  6.7292545e+000	
  6.2067167e+000	  6.6568573e+000	
  5.8436925e+000	  5.2810990e+000	
  6.0587300e+000	  4.9209131e+000	
  4.7328858e+000	  4.9711169e+000	
  6.5308904e+000	  6.1815910e+000	
  5.3907044e+000	  5.4502664e+000	
  4.9411052e+000	  4.8221647e+000	
  4.4436411e+000	  7.7533168e+000	
  6.0277591e+000	  5.6903110e+000	
  5.3298843e+000	  5.6771734e+000	
  4.4778450e+000	  7.2897256e+000	
  5.9675397e+000	  8.8898437e+000	
  6.2018339e+000	  6.5222562e+000	
  4.2020609e+000	  4.8807471e+000	
  6.5649011e+000	  4.6589588e+000	
  4.5649487e+000	  6.5338580e+000	
  5.4473650e+000	  4.6433645e+000	
  6.0109271e+000	  5.3652958e+000	
  5.3606521e+000	  6.4173041e+000	
  4.1142762e+000	  4.1341971e+000	
  6.2987648e+000	  4.3843901e+000	
  6.2051400e+000	  6.3131856e+000	
  6.1797992e+000	  3.8093548e+000	
  4.6552038e+000	  5.9334759e+000	
  5.6639675e+000	  5.7239342e+000	
  4.9004441e+000	  6.1190933e+000	
  5.1647632e+000	  4.7208459e+000	
